1,2
1,3
2,3
3,6
3,4
4,5
7,8
7,9
8,9
8,11
9,10
12,12
13,14
13,15
14,15
14,16
18,18
19,20
19,21
19,22
20,21
20,24
22,23
25,26
25,27
25,30
26,27
27,28
28,29
31,32
31,33
32,33
33,35
33,36
34,36
37,38
37,39
37,41
37,40
38,39
42,42
43,44
43,45
43,47
44,45
45,46
47,47
49,50
49,51
49,52
49,53
49,54
50,51
50,54
52,53
53,54
55,56
55,57
56,57
56,60
57,60
57,59
57,58
58,60
59,59
59,60
61,62
61,63
62,63
62,64
62,66
63,66
63,65
64,64
64,65
65,66
67,68
67,69
67,72
68,69
68,72
69,71
70,72
71,72
73,74
73,75
73,76
74,75
75,77
75,76
77,78
79,80
79,81
79,84
79,82
80,81
80,82
80,84
82,84
85,86
85,87
85,90
86,87
86,90
87,90
88,90
89,89
91,92
91,93
91,94
92,93
92,95
93,95
94,94
95,96
97,98
97,99
97,103
98,99
98,107
98,102
99,108
99,107
100,105
100,106
101,108
101,107
102,102
102,105
104,107
105,105
109,110
109,111
109,115
109,114
109,117
110,111
110,114
111,115
111,113
112,115
112,113
113,119
114,120
115,118
115,116
117,120
121,122
121,123
121,127
121,126
122,123
122,127
122,129
123,125
123,131
124,128
124,127
124,125
124,131
126,128
129,132
131,132
132,132
133,134
133,135
133,143
133,136
134,135
134,138
135,141
136,137
136,139
137,140
138,141
139,140
140,144
142,144
145,146
145,147
146,147
146,153
146,152
146,154
147,156
147,152
147,155
148,152
149,154
150,153
151,155
152,156
152,155
154,154
155,155
157,158
157,159
158,159
158,166
158,160
159,162
159,161
159,160
160,167
160,166
162,166
163,166
163,165
165,168
165,167
166,168
169,170
169,171
169,176
169,180
170,171
170,173
171,173
171,175
171,172
172,174
172,180
173,178
173,175
174,175
175,179
177,179
177,180
178,179
181,182
181,183
182,183
182,185
183,186
183,187
183,192
183,188
184,192
184,188
184,190
185,192
186,190
187,190
188,191
189,192
190,191
193,194
193,195
193,199
193,204
193,196
193,197
194,195
194,201
194,199
195,196
195,203
195,200
196,203
196,200
196,199
196,201
197,203
197,204
198,202
198,200
198,201
199,199
199,202
201,204
202,204
202,203
205,206
205,207
205,215
205,216
206,207
206,211
206,213
206,214
207,211
207,208
207,213
208,210
208,209
209,209
209,212
209,213
210,210
210,214
211,216
211,215
212,215
213,214
214,215
217,218
217,219
217,221
217,223
218,219
218,227
218,221
218,224
218,228
219,220
219,222
219,227
219,224
220,221
220,223
221,222
221,226
221,227
222,223
222,224
222,225
223,228
223,226
225,228
227,228
229,230
229,231
229,238
229,236
229,234
229,237
229,240
230,231
230,238
230,236
230,235
230,233
231,239
231,238
231,233
231,237
232,238
232,237
232,233
233,235
233,234
235,236
235,240
236,237
238,239
241,242
241,243
241,245
241,249
241,244
242,243
242,248
242,245
242,246
242,252
242,251
242,249
242,244
243,251
243,250
243,247
244,249
244,247
244,246
244,250
245,250
245,248
245,251
246,246
246,248
247,251
247,252
248,252
249,252
252,252
253,254
253,255
253,257
254,255
254,263
254,264
254,260
255,258
255,259
255,263
255,262
255,257
256,264
257,258
257,262
257,259
257,261
258,263
259,259
259,260
259,264
260,263
260,261
262,263
263,264
265,266
265,267
265,275
265,276
265,270
266,267
266,270
266,268
266,273
266,271
267,273
267,276
267,272
268,276
268,275
269,273
270,273
270,276
270,272
271,275
272,275
272,274
273,275
274,274
277,278
277,279
277,281
277,282
277,280
278,279
278,282
278,288
278,283
279,287
279,280
279,281
279,284
279,288
280,283
280,285
280,288
280,282
281,281
281,286
281,285
281,284
283,284
283,287
283,286
284,288
285,287
286,288
287,288
289,290
289,291
290,291
290,292
290,296
292,295
292,294
292,296
293,295
295,296
297,298
297,299
298,299
298,304
299,300
299,303
300,302
300,304
301,304
301,302
305,306
305,307
306,307
306,311
308,309
308,312
311,311
311,312
313,314
313,315
313,320
314,315
314,316
314,319
317,318
321,322
321,323
322,323
323,324
323,328
324,325
324,328
324,327
325,327
326,328
329,330
329,331
329,333
330,331
330,336
331,336
333,336
337,338
337,339
337,340
337,342
338,339
338,344
339,344
340,342
343,343
343,344
345,346
345,347
346,347
346,351
346,349
347,348
347,349
347,351
350,351
351,352
353,354
353,355
353,356
353,358
353,360
354,355
354,358
354,359
355,357
356,357
356,358
357,358
358,360
359,360
361,362
361,363
361,367
362,363
362,364
362,365
362,367
363,365
363,367
363,366
365,368
366,368
369,370
369,371
369,374
369,376
370,371
370,374
370,376
371,372
371,373
371,376
372,372
373,374
374,375
375,376
377,378
377,379
377,380
377,382
378,379
379,383
379,382
380,384
380,383
380,382
381,382
381,384
382,383
385,386
385,387
385,391
386,387
386,388
387,390
387,389
387,392
388,389
388,390
389,391
390,390
390,392
391,391
393,394
393,395
393,399
393,400
394,395
394,397
395,396
395,397
395,399
395,400
396,399
397,399
397,400
398,400
401,402
401,403
401,407
401,405
402,403
402,404
402,407
403,405
404,408
404,405
405,407
406,407
408,408
409,410
409,411
409,416
410,411
410,412
410,416
410,414
410,413
411,414
412,412
412,415
412,413
413,415
413,414
414,416
415,416
417,418
417,419
417,427
417,428
418,419
418,424
418,425
419,428
419,423
419,422
419,421
420,425
420,427
421,429
421,430
423,432
423,427
424,429
425,430
426,427
426,429
427,427
427,431
427,428
428,430
428,432
433,434
433,435
433,444
433,438
433,442
433,440
433,448
433,437
434,435
434,445
435,443
435,442
436,445
436,439
437,439
438,440
438,442
438,446
439,448
439,447
440,444
440,443
442,445
442,443
443,443
443,446
446,447
449,450
449,451
449,457
449,464
449,453
450,451
450,458
450,459
451,452
451,461
451,454
451,462
452,460
452,453
452,457
453,455
453,462
454,462
455,456
455,461
456,464
456,457
457,458
458,462
459,459
460,462
460,461
462,463
463,464
465,466
465,467
465,477
465,480
465,475
465,476
465,474
466,467
466,474
466,473
467,476
467,477
468,469
469,477
469,474
469,480
469,473
469,478
470,472
471,472
472,479
472,476
472,478
473,475
475,477
475,476
479,480
481,482
481,483
481,484
481,495
481,485
481,491
482,483
482,491
482,490
483,487
483,485
484,487
484,489
484,494
485,491
485,487
487,488
488,493
488,491
488,495
489,492
490,495
491,494
492,494
493,494
495,496
496,496
497,498
497,499
497,507
497,501
498,499
498,508
498,512
498,501
498,511
499,500
499,504
499,511
500,505
500,501
500,503
500,508
501,504
502,507
502,503
503,506
503,510
503,508
504,504
504,512
504,507
505,509
505,512
505,506
510,512
510,511
513,514
513,515
513,519
514,515
514,528
514,517
514,520
515,516
515,528
515,521
515,526
515,520
516,524
516,522
517,519
518,522
518,524
518,526
519,520
519,526
520,528
520,523
521,526
521,525
521,527
522,527
522,525
523,525
524,524
529,530
529,531
529,543
529,542
530,531
530,543
530,544
530,536
531,543
532,542
532,535
532,543
532,533
533,537
534,542
534,536
534,539
535,536
538,542
538,541
539,544
540,540
540,544
541,544
543,544
545,546
545,547
545,552
545,550
545,551
546,547
546,548
546,557
546,552
546,560
547,560
547,555
547,553
547,549
547,559
547,551
548,559
548,553
548,557
548,555
548,550
548,554
549,560
549,556
549,553
549,551
549,552
549,557
550,555
550,552
550,553
551,559
552,559
552,558
553,553
553,559
554,556
555,557
555,560
555,559
555,558
559,559
561,562
561,563
561,574
561,567
561,572
561,573
561,566
561,568
561,575
562,563
562,564
562,573
562,571
562,576
563,573
563,574
563,572
563,568
563,569
563,566
563,567
564,566
564,567
564,571
564,574
564,568
565,569
565,572
565,576
566,572
566,574
566,567
567,575
567,576
567,570
568,576
568,573
568,574
569,571
570,570
570,573
571,571
572,575
572,573
574,575
577,578
577,579
577,581
577,589
577,587
577,588
577,582
578,579
578,590
578,585
578,586
578,587
578,584
579,580
579,586
579,592
579,589
579,583
579,591
579,581
579,582
580,585
580,591
580,590
580,588
581,590
581,589
582,585
582,583
582,589
583,590
583,592
583,591
583,588
584,589
584,585
584,586
585,588
585,587
585,591
586,592
586,588
587,590
588,589
589,591
593,594
593,595
593,603
593,601
593,605
593,602
593,604
594,595
594,596
594,598
594,601
594,602
594,607
594,606
595,600
595,608
595,607
596,596
596,604
596,602
596,600
596,603
596,599
596,607
597,606
597,600
597,598
597,602
598,608
598,604
598,601
599,602
599,601
599,605
599,600
599,606
600,607
601,603
601,607
602,607
602,603
603,605
603,604
604,606
605,608
606,608
607,608
609,610
609,611
609,617
609,615
609,624
609,622
610,611
610,612
610,614
610,621
610,613
610,622
610,618
610,616
611,621
611,613
611,622
611,618
611,624
611,615
611,614
612,623
612,622
612,613
612,621
612,620
613,615
613,617
613,614
613,624
613,621
613,622
613,623
615,620
615,618
616,620
616,621
616,618
616,617
616,623
618,624
619,622
619,621
619,623
620,624
625,626
625,627
625,628
625,631
625,638
625,630
625,635
625,636
625,640
625,629
626,627
626,640
626,638
626,631
626,630
627,639
627,637
627,638
628,634
628,635
628,631
628,636
628,637
629,633
629,638
629,635
630,632
630,637
631,636
631,640
632,638
632,635
633,637
633,634
633,639
634,635
635,640
635,636
636,639
636,638
637,638
637,640
641,642
641,643
641,645
641,646
641,654
641,656
641,650
641,647
642,643
642,644
642,651
642,647
642,653
642,654
643,648
643,650
643,656
643,652
643,654
643,647
644,650
644,652
644,654
645,648
645,654
646,652
646,654
646,655
647,651
647,652
647,655
648,656
648,650
649,650
649,656
650,653
650,654
651,656
651,653
652,652
652,656
653,655
655,656
657,658
657,659
657,663
657,662
657,670
657,669
657,672
657,671
658,659
658,664
658,667
658,670
658,669
659,660
659,667
659,671
659,672
659,664
660,671
660,670
660,665
660,661
660,666
661,661
661,666
661,662
661,670
662,663
662,665
662,664
662,672
663,671
664,666
664,669
664,667
665,667
665,666
666,672
666,668
667,672
668,671
669,671
670,672
670,671
673,674
673,675
673,680
674,675
675,676
675,678
675,681
676,678
677,678
677,679
678,679
679,680
680,682
683,684
683,685
684,685
684,686
684,690
684,688
685,690
686,687
686,688
687,689
687,690
688,689
691,692
693,694
693,695
693,696
694,695
694,699
695,698
695,702
696,698
697,697
697,699
697,700
699,701
699,700
701,702
703,704
703,705
703,712
703,709
704,705
704,706
704,712
705,707
705,712
706,712
709,710
710,712
713,714
713,715
713,720
713,719
714,715
714,718
716,716
717,722
717,718
719,721
720,722
720,721
723,724
723,725
723,727
723,730
724,725
724,726
724,732
725,730
726,728
727,730
728,730
729,732
729,730
733,734
733,735
733,738
733,742
733,740
734,735
734,737
737,738
737,741
737,739
738,742
739,739
739,742
743,744
743,745
744,745
744,746
744,751
744,752
745,751
745,750
746,749
748,751
750,751
753,754
753,755
753,756
753,759
753,761
753,760
754,755
754,757
754,761
754,762
754,758
755,761
756,759
756,758
756,761
757,758
758,761
759,762
760,761
761,762
763,764
763,765
763,772
763,770
764,765
764,769
764,770
765,766
765,769
765,768
765,770
765,772
765,771
766,766
766,768
766,770
767,767
768,768
768,770
769,770
770,771
772,772
773,774
773,775
773,778
773,781
773,780
774,775
774,776
774,780
774,782
774,778
775,778
775,780
775,779
776,777
777,780
778,782
778,780
779,779
780,781
781,782
783,784
783,785
783,788
784,785
784,786
784,791
784,792
785,789
785,791
785,792
786,787
786,789
786,790
787,789
787,791
788,791
789,790
789,792
789,791
793,794
793,795
793,802
794,795
794,799
794,798
795,797
795,801
795,802
795,799
796,796
797,797
797,800
797,799
797,798
798,799
798,800
798,802
799,801
800,800
800,801
801,802
803,804
803,805
803,807
803,810
803,809
804,805
804,811
804,808
805,806
805,809
805,808
805,810
806,807
806,809
806,811
807,810
807,812
808,810
808,811
809,809
809,810
810,812
811,811
813,814
813,815
813,816
814,815
814,817
814,818
815,820
815,819
815,818
816,816
816,817
816,821
816,819
816,818
817,821
817,820
818,820
819,820
819,821
820,820
821,821
823,824
823,825
823,826
823,830
824,825
824,827
824,830
824,828
825,831
825,832
825,830
827,828
827,831
828,828
829,829
830,832
831,831
831,832
832,832
833,834
833,835
833,850
833,841
833,849
834,835
834,842
834,848
834,847
834,844
834,846
835,837
835,844
836,837
836,850
836,838
836,840
837,844
837,848
837,850
838,850
838,845
838,840
839,849
839,847
840,846
841,852
841,850
842,847
842,851
843,850
843,845
843,844
843,847
845,848
846,847
848,849
849,851
850,851
853,854
853,855
853,862
853,863
853,860
854,855
854,869
854,859
854,872
855,857
855,856
855,865
855,866
855,869
856,869
856,868
856,867
856,859
856,872
857,866
857,868
857,858
858,867
858,865
858,863
859,869
859,860
860,863
860,868
860,865
861,865
861,866
861,869
862,869
862,868
862,866
863,871
863,872
864,865
864,870
865,872
866,870
866,871
868,872
873,874
873,875
873,882
873,881
873,878
873,888
874,875
874,887
874,884
874,890
874,889
874,886
875,877
875,891
875,885
875,881
876,884
876,887
876,888
877,883
877,890
877,882
878,882
879,890
879,887
879,882
880,885
880,890
881,886
881,883
881,885
882,886
882,891
883,884
883,892
883,888
884,890
884,886
885,885
885,889
887,889
892,892
893,894
893,895
893,905
893,909
893,899
894,895
894,896
894,899
894,908
894,910
894,906
895,902
895,900
895,905
895,906
896,897
896,900
896,902
896,903
897,908
897,903
898,899
898,910
898,911
899,906
899,912
900,905
900,910
901,906
901,910
902,902
902,907
903,905
904,911
904,907
904,910
905,909
906,911
906,907
909,910
910,912
913,914
913,915
913,917
913,926
913,921
913,928
914,915
914,924
914,922
914,928
914,927
915,930
915,932
915,928
915,924
916,932
916,931
917,926
917,922
917,932
918,919
919,928
919,927
919,925
920,921
920,927
920,932
921,923
922,924
922,929
922,925
922,926
923,926
923,924
923,925
924,927
925,931
925,932
925,930
927,931
927,929
928,931
929,932
933,934
933,935
933,939
933,951
933,946
933,938
933,949
934,935
934,945
934,942
935,937
935,947
935,948
935,949
935,939
935,946
935,940
936,939
936,941
937,942
937,946
938,944
938,951
938,940
938,943
939,942
939,943
939,941
940,941
941,947
942,944
942,945
945,948
945,947
945,949
946,949
947,950
947,952
948,950
949,951
953,954
953,955
953,963
953,972
954,955
954,957
954,966
955,966
955,969
955,964
955,967
955,971
956,971
956,968
956,965
956,958
956,969
956,964
957,960
957,963
958,970
958,961
958,960
959,970
959,966
959,965
959,969
960,964
960,967
961,968
961,966
961,969
962,965
962,969
963,971
964,969
965,972
965,967
967,970
967,971
968,971
968,972
973,974
973,975
973,987
973,991
973,978
973,986
974,975
974,987
975,984
975,987
975,989
975,986
976,982
976,990
977,979
977,989
977,987
977,986
977,981
977,980
978,982
979,987
980,990
980,982
980,985
981,983
981,985
981,991
982,984
982,987
982,986
983,989
984,985
984,989
986,988
987,988
988,990
988,992
992,992
993,994
993,995
993,1007
993,1003
993,1010
993,1004
993,1001
993,1006
994,995
994,1005
994,1012
994,1008
994,1001
994,1004
994,1009
995,996
995,999
995,1006
995,1003
995,998
995,1005
995,1000
995,1002
995,1001
996,997
996,1012
996,1007
996,1002
996,1003
996,1011
997,1000
998,1010
998,1001
998,1003
998,1004
998,1000
999,1004
999,1009
999,1002
999,1001
999,1003
1000,1011
1000,1007
1001,1006
1001,1011
1002,1005
1002,1011
1003,1005
1003,1011
1004,1008
1004,1011
1005,1006
1005,1008
1006,1007
1006,1009
1007,1010
1007,1012
1008,1012
1008,1009
1009,1010
1009,1011
1013,1014
1013,1015
1013,1029
1013,1023
1013,1025
1013,1026
1013,1022
1013,1028
1014,1015
1014,1024
1014,1018
1014,1032
1014,1019
1014,1022
1015,1016
1015,1020
1015,1022
1015,1024
1015,1030
1015,1032
1016,1017
1016,1018
1016,1031
1016,1027
1016,1029
1016,1021
1017,1031
1017,1024
1017,1018
1017,1028
1017,1019
1017,1021
1018,1020
1018,1026
1018,1023
1018,1029
1019,1025
1019,1020
1019,1032
1020,1027
1020,1021
1021,1029
1021,1026
1021,1022
1022,1023
1022,1027
1022,1028
1023,1031
1023,1032
1024,1032
1024,1025
1024,1028
1024,1027
1025,1026
1025,1031
1026,1030
1027,1029
1028,1029
1029,1031
1029,1032
1030,1031
1033,1034
1033,1035
1033,1046
1033,1052
1033,1038
1033,1045
1033,1041
1033,1043
1033,1039
1033,1040
1033,1047
1034,1035
1034,1036
1034,1037
1034,1043
1034,1047
1034,1042
1034,1050
1034,1045
1034,1038
1034,1040
1035,1051
1035,1047
1035,1042
1035,1043
1035,1040
1036,1052
1036,1038
1036,1040
1036,1042
1036,1044
1036,1041
1036,1046
1036,1043
1037,1049
1037,1044
1037,1052
1038,1039
1038,1050
1039,1043
1039,1041
1039,1048
1040,1046
1040,1041
1040,1050
1041,1044
1041,1045
1042,1044
1042,1048
1042,1049
1042,1046
1043,1052
1044,1051
1045,1047
1045,1050
1047,1048
1047,1051
1048,1050
1049,1050
1050,1051
1051,1052
1053,1054
1053,1055
1053,1057
1053,1058
1053,1072
1053,1071
1053,1063
1054,1055
1054,1056
1054,1067
1054,1068
1054,1072
1054,1071
1054,1063
1055,1070
1055,1066
1055,1059
1055,1062
1056,1057
1056,1069
1056,1066
1056,1072
1056,1059
1056,1062
1056,1067
1056,1068
1056,1060
1056,1071
1057,1059
1057,1065
1057,1062
1057,1071
1057,1058
1057,1069
1057,1072
1057,1070
1058,1060
1058,1068
1058,1071
1058,1067
1058,1063
1058,1061
1059,1061
1059,1071
1059,1065
1059,1070
1060,1064
1060,1072
1060,1070
1061,1064
1061,1069
1061,1072
1061,1066
1062,1062
1062,1066
1062,1072
1062,1069
1063,1066
1063,1064
1063,1069
1064,1071
1065,1069
1065,1072
1067,1069
1068,1069
1073,1074
1073,1075
1073,1083
1073,1089
1073,1082
1073,1086
1073,1090
1073,1088
1074,1075
1074,1077
1074,1084
1074,1088
1074,1090
1074,1091
1074,1087
1074,1083
1074,1080
1075,1076
1075,1083
1075,1088
1075,1080
1075,1089
1075,1091
1075,1090
1075,1084
1076,1081
1076,1086
1076,1090
1076,1089
1077,1087
1077,1086
1077,1092
1077,1085
1077,1082
1077,1080
1077,1091
1077,1081
1078,1086
1078,1090
1078,1089
1078,1079
1079,1084
1080,1091
1080,1082
1080,1085
1080,1083
1081,1088
1081,1087
1081,1089
1081,1083
1081,1082
1082,1092
1083,1083
1083,1092
1084,1090
1084,1088
1084,1092
1085,1085
1085,1092
1086,1088
1086,1092
1087,1092
1089,1092
1091,1092
1093,1094
1093,1095
1093,1109
1093,1111
1093,1105
1093,1112
1093,1110
1094,1095
1094,1097
1094,1104
1094,1110
1094,1109
1094,1098
1094,1111
1094,1112
1095,1099
1095,1098
1095,1105
1095,1107
1095,1110
1095,1111
1095,1106
1095,1101
1096,1097
1096,1102
1096,1098
1096,1107
1096,1101
1096,1112
1097,1110
1097,1111
1097,1100
1097,1108
1097,1101
1097,1104
1097,1107
1097,1106
1098,1105
1098,1110
1098,1111
1098,1108
1099,1111
1099,1108
1099,1105
1100,1112
1100,1110
1100,1104
1100,1102
1101,1111
1101,1104
1101,1112
1102,1105
1103,1103
1103,1110
1104,1109
1104,1105
1105,1112
1105,1107
1105,1106
1106,1110
1106,1111
1106,1108
1107,1108
1107,1110
1107,1111
1108,1112
1109,1112
1109,1110
1113,1114
1113,1115
1113,1117
1113,1127
1113,1129
1113,1119
1113,1123
1113,1132
1113,1121
1113,1118
1114,1115
1114,1116
1114,1129
1114,1126
1114,1123
1114,1122
1114,1127
1114,1124
1115,1120
1115,1124
1115,1122
1115,1127
1115,1119
1116,1117
1116,1122
1116,1123
1116,1125
1116,1124
1116,1119
1117,1128
1117,1121
1117,1132
1117,1120
1117,1124
1117,1119
1118,1121
1118,1131
1119,1124
1119,1127
1120,1124
1120,1121
1120,1122
1120,1129
1121,1126
1121,1128
1121,1123
1121,1132
1122,1125
1122,1127
1123,1129
1123,1127
1123,1124
1124,1125
1125,1131
1125,1126
1125,1132
1125,1128
1126,1127
1127,1128
1127,1132
1127,1131
1128,1130
1129,1131
1129,1132
1129,1130
1132,1132
1133,1134
1133,1135
1133,1137
1133,1147
1133,1149
1133,1141
1133,1152
1134,1135
1134,1136
1134,1145
1134,1140
1134,1144
1134,1138
1134,1141
1134,1143
1135,1142
1135,1151
1135,1144
1135,1150
1135,1147
1135,1152
1135,1140
1136,1137
1136,1140
1136,1144
1136,1142
1136,1151
1136,1147
1136,1141
1137,1143
1137,1139
1137,1140
1137,1146
1137,1147
1137,1148
1138,1151
1138,1145
1138,1146
1138,1142
1138,1149
1138,1139
1139,1143
1139,1147
1139,1152
1139,1141
1140,1142
1140,1146
1140,1141
1140,1151
1140,1143
1141,1144
1141,1148
1142,1147
1142,1148
1142,1144
1143,1145
1143,1144
1143,1150
1143,1148
1144,1151
1144,1146
1145,1152
1146,1150
1147,1150
1150,1151
1150,1152
1153,1154
1153,1155
1153,1161
1153,1163
1153,1159
1154,1155
1154,1158
1154,1160
1154,1162
1155,1163
1156,1157
1156,1159
1157,1157
1157,1161
1159,1164
1159,1161
1160,1162
1163,1164
1165,1166
1165,1167
1166,1167
1166,1169
1166,1171
1166,1173
1166,1172
1166,1174
1167,1170
1167,1174
1167,1171
1169,1171
1169,1172
1169,1176
1170,1170
1171,1172
1171,1175
1171,1174
1173,1174
1177,1178
1177,1179
1177,1188
1177,1186
1178,1179
1178,1185
1178,1187
1179,1181
1180,1182
1181,1182
1181,1188
1182,1182
1182,1184
1182,1186
1182,1185
1184,1187
1184,1188
1185,1188
1185,1187
1186,1187
1189,1190
1189,1191
1189,1194
1189,1199
1189,1195
1190,1191
1190,1199
1191,1193
1192,1196
1192,1195
1193,1194
1193,1195
1194,1195
1195,1200
1197,1197
1199,1200
1201,1202
1201,1203
1201,1207
1201,1210
1202,1203
1202,1204
1202,1205
1202,1208
1202,1207
1202,1212
1203,1206
1203,1207
1206,1206
1206,1210
1206,1211
1207,1210
1208,1212
1209,1212
1209,1210
1211,1212
1213,1214
1213,1215
1214,1215
1214,1222
1214,1221
1215,1216
1215,1218
1215,1224
1215,1223
1215,1220
1215,1219
1217,1218
1217,1221
1218,1221
1218,1219
1219,1222
1221,1224
1222,1223
1223,1223
1225,1226
1225,1227
1225,1231
1226,1227
1226,1235
1227,1230
1227,1228
1227,1235
1227,1236
1228,1231
1228,1233
1229,1235
1229,1236
1230,1231
1231,1236
1232,1234
1233,1234
1234,1236
1235,1236
1237,1238
1237,1239
1238,1239
1238,1240
1239,1242
1239,1248
1239,1247
1239,1246
1240,1244
1240,1248
1241,1244
1242,1245
1243,1247
1244,1246
1245,1248
1246,1248
1249,1250
1249,1251
1249,1253
1249,1257
1249,1260
1249,1258
1250,1251
1250,1252
1250,1254
1250,1260
1251,1257
1251,1255
1252,1253
1252,1258
1252,1257
1252,1260
1253,1257
1253,1258
1254,1259
1255,1259
1256,1259
1256,1258
1257,1259
1257,1260
1261,1262
1261,1263
1261,1265
1261,1271
1261,1269
1262,1263
1262,1268
1262,1270
1263,1266
1264,1265
1264,1266
1264,1270
1264,1267
1264,1269
1265,1269
1265,1270
1266,1267
1266,1271
1267,1268
1268,1272
1269,1269
1269,1270
1269,1271
1270,1272
1272,1272
1273,1274
1273,1275
1273,1276
1273,1279
1274,1275
1274,1277
1274,1284
1274,1282
1275,1278
1275,1280
1275,1284
1276,1277
1276,1279
1276,1280
1277,1283
1277,1280
1277,1281
1278,1279
1278,1281
1279,1281
1279,1283
1280,1281
1282,1283
1283,1284
1285,1286
1285,1287
1285,1289
1285,1296
1286,1287
1286,1288
1286,1294
1286,1296
1286,1295
1287,1292
1287,1295
1288,1290
1288,1289
1288,1295
1289,1294
1289,1292
1289,1296
1290,1296
1290,1294
1291,1295
1292,1293
1292,1294
1293,1296
1295,1296
1297,1298
1297,1299
1297,1300
1297,1307
1297,1306
1298,1299
1298,1301
1298,1305
1298,1306
1298,1304
1299,1308
1300,1301
1300,1302
1300,1307
1300,1303
1300,1305
1301,1303
1302,1302
1302,1304
1302,1307
1302,1306
1302,1308
1302,1303
1303,1306
1304,1306
1305,1308
1306,1308
1306,1307
1309,1310
1309,1311
1309,1315
1309,1317
1310,1311
1310,1316
1310,1319
1310,1317
1310,1318
1311,1313
1311,1316
1311,1315
1311,1320
1312,1312
1312,1314
1312,1317
1312,1316
1312,1315
1313,1315
1313,1317
1314,1320
1314,1316
1315,1317
1315,1319
1316,1316
1316,1317
1317,1318
1317,1320
1318,1319
1319,1319
1321,1322
1321,1323
1321,1324
1321,1326
1321,1329
1321,1330
1321,1328
1321,1332
1322,1323
1322,1330
1322,1327
1322,1329
1322,1332
1323,1329
1323,1332
1324,1331
1324,1328
1325,1325
1325,1329
1325,1331
1326,1326
1326,1331
1326,1330
1328,1332
1329,1332
1329,1330
1333,1334
1333,1335
1333,1337
1333,1342
1333,1340
1334,1335
1334,1344
1334,1342
1334,1339
1335,1336
1335,1340
1336,1338
1336,1344
1336,1339
1337,1344
1337,1342
1338,1344
1338,1341
1339,1343
1340,1344
1340,1342
1341,1343
1342,1343
1345,1346
1345,1347
1345,1355
1345,1366
1345,1367
1345,1352
1346,1347
1346,1352
1347,1350
1347,1348
1347,1359
1347,1352
1347,1364
1347,1366
1347,1368
1348,1351
1348,1354
1348,1368
1349,1351
1349,1353
1350,1351
1350,1361
1350,1358
1350,1359
1350,1363
1350,1368
1350,1366
1350,1356
1351,1364
1351,1357
1352,1357
1353,1362
1354,1366
1354,1356
1354,1359
1354,1361
1355,1362
1355,1365
1356,1367
1356,1368
1357,1362
1357,1359
1358,1368
1358,1363
1358,1359
1358,1365
1358,1367
1360,1365
1360,1363
1360,1366
1361,1365
1362,1364
1363,1364
1364,1367
1369,1370
1369,1371
1369,1377
1369,1378
1369,1390
1369,1382
1369,1388
1370,1371
1370,1373
1370,1383
1371,1374
1371,1385
1371,1387
1371,1381
1371,1386
1371,1377
1372,1374
1372,1391
1372,1376
1372,1390
1372,1385
1372,1378
1372,1388
1373,1387
1373,1375
1374,1380
1374,1387
1374,1375
1374,1388
1374,1390
1375,1378
1375,1392
1375,1380
1375,1383
1376,1376
1376,1392
1377,1387
1377,1390
1377,1392
1377,1389
1378,1379
1378,1382
1379,1386
1379,1387
1379,1390
1380,1386
1380,1388
1380,1390
1381,1391
1381,1383
1381,1384
1382,1384
1382,1388
1383,1388
1383,1390
1384,1387
1384,1385
1384,1390
1385,1392
1386,1391
1386,1392
1387,1388
1388,1392
1393,1394
1393,1395
1393,1401
1393,1411
1393,1416
1394,1395
1394,1411
1394,1412
1394,1414
1395,1396
1395,1401
1395,1408
1395,1412
1395,1416
1396,1400
1396,1404
1396,1408
1396,1410
1396,1413
1396,1399
1397,1413
1397,1407
1397,1402
1397,1403
1397,1399
1398,1398
1398,1416
1398,1414
1398,1412
1398,1415
1398,1407
1399,1403
1399,1402
1399,1401
1399,1405
1399,1411
1399,1407
1400,1413
1400,1403
1400,1415
1401,1410
1402,1410
1402,1416
1402,1412
1403,1412
1404,1406
1404,1416
1405,1412
1405,1410
1405,1413
1407,1410
1407,1416
1407,1408
1408,1415
1408,1412
1409,1416
1413,1414
1414,1414
1415,1416
1417,1418
1417,1419
1417,1420
1417,1436
1417,1424
1417,1433
1417,1429
1417,1427
1417,1438
1418,1419
1418,1424
1418,1423
1418,1432
1418,1436
1419,1422
1419,1427
1420,1430
1420,1437
1420,1433
1420,1431
1421,1432
1421,1440
1421,1428
1421,1434
1421,1437
1421,1423
1421,1427
1422,1426
1422,1427
1422,1425
1423,1430
1423,1440
1423,1429
1424,1428
1424,1430
1425,1438
1425,1436
1426,1426
1426,1440
1426,1430
1427,1430
1428,1435
1428,1439
1429,1437
1429,1434
1430,1431
1431,1434
1431,1433
1432,1434
1432,1437
1433,1435
1434,1438
1434,1435
1436,1439
1436,1437
1437,1437
1439,1440
1441,1442
1441,1443
1441,1464
1441,1447
1441,1459
1441,1463
1442,1443
1442,1448
1442,1464
1442,1458
1442,1454
1443,1444
1443,1456
1443,1447
1443,1462
1443,1461
1443,1463
1443,1451
1444,1445
1444,1453
1444,1463
1444,1456
1444,1458
1445,1457
1445,1458
1445,1453
1446,1446
1446,1460
1446,1450
1446,1462
1446,1459
1446,1461
1447,1456
1447,1458
1448,1458
1449,1453
1449,1451
1449,1452
1450,1461
1451,1456
1451,1455
1451,1460
1452,1460
1452,1457
1453,1455
1453,1463
1453,1458
1454,1456
1455,1462
1456,1463
1457,1462
1458,1461
1458,1459
1458,1462
1459,1464
1460,1464
1462,1463
1465,1466
1465,1467
1465,1469
1465,1470
1465,1472
1465,1478
1465,1479
1466,1467
1466,1479
1466,1487
1466,1472
1466,1474
1467,1468
1467,1471
1467,1481
1467,1479
1468,1470
1468,1487
1468,1481
1468,1488
1468,1473
1468,1484
1468,1474
1468,1475
1468,1486
1469,1474
1469,1482
1470,1473
1470,1474
1470,1476
1470,1477
1470,1485
1470,1472
1471,1478
1471,1480
1472,1476
1472,1477
1472,1474
1472,1478
1473,1486
1473,1485
1473,1474
1474,1481
1474,1488
1474,1480
1475,1486
1475,1480
1476,1479
1476,1485
1479,1486
1479,1488
1479,1480
1480,1487
1481,1483
1483,1485
1483,1486
1484,1485
1486,1487
1489,1490
1489,1491
1489,1507
1489,1502
1489,1501
1489,1497
1489,1511
1489,1498
1489,1506
1489,1504
1490,1491
1490,1492
1490,1502
1490,1510
1490,1501
1490,1503
1491,1501
1491,1512
1491,1507
1491,1496
1491,1500
1492,1493
1492,1497
1492,1503
1492,1499
1492,1512
1494,1499
1494,1507
1494,1505
1495,1509
1495,1502
1495,1501
1495,1496
1495,1497
1495,1499
1496,1512
1496,1503
1496,1511
1497,1504
1497,1500
1497,1506
1498,1503
1498,1506
1498,1502
1498,1499
1498,1504
1499,1507
1499,1512
1500,1508
1500,1512
1501,1511
1501,1508
1501,1510
1503,1509
1503,1505
1504,1512
1507,1511
1509,1510
1509,1511
1513,1514
1513,1515
1513,1530
1513,1529
1514,1515
1514,1534
1514,1530
1514,1521
1514,1522
1514,1528
1515,1516
1515,1517
1515,1525
1515,1536
1515,1528
1515,1530
1516,1525
1516,1524
1516,1531
1517,1518
1517,1524
1517,1526
1517,1522
1517,1533
1517,1523
1517,1536
1517,1531
1517,1535
1518,1519
1519,1533
1519,1525
1519,1520
1519,1534
1520,1522
1520,1530
1520,1526
1520,1536
1521,1530
1522,1534
1523,1528
1523,1535
1524,1532
1524,1533
1524,1536
1524,1526
1525,1532
1525,1529
1527,1534
1527,1533
1528,1531
1528,1536
1529,1530
1530,1532
1530,1533
1530,1534
1530,1531
1537,1538
1537,1539
1537,1540
1537,1542
1537,1556
1537,1547
1537,1553
1537,1557
1537,1555
1538,1539
1538,1557
1538,1549
1538,1560
1538,1554
1538,1543
1538,1548
1538,1545
1539,1544
1539,1545
1539,1546
1539,1555
1539,1551
1539,1559
1540,1552
1540,1548
1540,1551
1540,1555
1540,1543
1540,1545
1540,1554
1540,1557
1540,1544
1541,1553
1541,1557
1541,1549
1541,1550
1541,1546
1541,1544
1541,1545
1541,1555
1541,1548
1541,1556
1542,1542
1542,1545
1542,1549
1542,1543
1542,1557
1542,1551
1543,1546
1543,1555
1543,1549
1543,1557
1544,1548
1544,1552
1544,1560
1544,1557
1544,1550
1544,1556
1545,1556
1545,1549
1545,1548
1545,1557
1546,1559
1546,1560
1547,1559
1547,1560
1547,1554
1547,1553
1548,1558
1548,1555
1548,1553
1549,1554
1549,1552
1549,1560
1550,1553
1550,1559
1550,1555
1551,1555
1551,1554
1551,1559
1551,1557
1551,1560
1552,1558
1552,1559
1554,1558
1556,1559
1557,1558
1561,1562
1561,1563
1561,1565
1561,1583
1561,1567
1561,1576
1561,1579
1561,1581
1561,1571
1561,1568
1561,1578
1561,1574
1562,1563
1562,1566
1562,1571
1562,1577
1562,1572
1562,1570
1562,1574
1562,1569
1562,1580
1562,1582
1563,1584
1563,1577
1563,1578
1563,1571
1563,1583
1563,1572
1563,1579
1563,1581
1564,1565
1564,1569
1564,1579
1564,1571
1564,1583
1564,1570
1564,1576
1564,1574
1564,1572
1564,1573
1564,1567
1565,1566
1565,1573
1565,1584
1565,1576
1565,1581
1565,1572
1566,1577
1566,1576
1566,1583
1566,1578
1566,1570
1567,1570
1567,1580
1567,1571
1567,1584
1568,1574
1568,1572
1568,1570
1568,1573
1569,1584
1569,1577
1569,1570
1569,1572
1569,1579
1570,1583
1570,1581
1571,1573
1571,1572
1572,1572
1572,1578
1572,1581
1572,1580
1573,1582
1573,1577
1573,1576
1573,1575
1574,1577
1574,1580
1574,1581
1575,1581
1575,1583
1576,1584
1577,1583
1578,1583
1579,1581
1579,1582
1580,1583
1580,1582
1581,1584
1582,1584
1583,1584
1584,1584
1585,1586
1585,1587
1585,1595
1585,1597
1585,1592
1585,1599
1585,1602
1585,1594
1585,1598
1585,1605
1586,1587
1586,1588
1586,1590
1586,1608
1586,1601
1586,1596
1586,1594
1586,1606
1586,1603
1586,1599
1587,1603
1587,1607
1587,1602
1587,1593
1587,1591
1587,1592
1588,1608
1588,1591
1588,1596
1588,1592
1588,1604
1588,1594
1588,1598
1588,1605
1589,1589
1589,1601
1589,1600
1589,1599
1589,1608
1589,1604
1589,1595
1589,1606
1589,1607
1589,1591
1590,1599
1590,1591
1590,1593
1590,1604
1590,1596
1590,1602
1590,1592
1591,1606
1591,1604
1591,1595
1591,1597
1591,1603
1591,1602
1592,1605
1592,1596
1593,1602
1593,1600
1593,1597
1594,1606
1594,1602
1594,1596
1594,1598
1595,1608
1595,1598
1595,1601
1596,1597
1596,1603
1596,1608
1596,1604
1597,1601
1597,1598
1597,1599
1597,1607
1599,1605
1599,1602
1600,1606
1603,1605
1605,1606
1605,1608
1606,1607
1609,1610
1609,1611
1609,1612
1609,1617
1609,1627
1610,1611
1610,1626
1610,1623
1610,1618
1610,1628
1610,1625
1610,1615
1610,1627
1610,1617
1610,1629
1611,1614
1611,1613
1611,1618
1611,1620
1611,1627
1611,1632
1611,1626
1611,1629
1612,1614
1612,1613
1612,1625
1612,1624
1612,1629
1612,1623
1612,1619
1612,1627
1612,1626
1612,1615
1613,1623
1613,1628
1613,1627
1613,1626
1613,1629
1613,1618
1613,1619
1614,1619
1614,1622
1614,1615
1614,1628
1614,1629
1614,1618
1614,1617
1614,1630
1614,1631
1615,1620
1615,1617
1615,1626
1615,1621
1616,1632
1616,1617
1616,1619
1616,1621
1617,1630
1617,1631
1617,1622
1617,1623
1617,1624
1618,1632
1618,1631
1618,1627
1619,1630
1619,1624
1620,1631
1620,1624
1620,1630
1620,1632
1621,1629
1622,1626
1622,1628
1622,1625
1623,1628
1624,1626
1624,1629
1624,1627
1625,1630
1625,1632
1626,1632
1627,1628
1628,1631
1628,1629
1629,1630
1633,1634
1633,1635
1633,1643
1633,1649
1633,1650
1633,1647
1633,1644
1633,1645
1633,1655
1633,1640
1634,1635
1634,1638
1634,1651
1634,1644
1634,1652
1634,1655
1634,1645
1634,1650
1634,1641
1634,1654
1634,1639
1634,1646
1635,1636
1635,1646
1635,1651
1635,1649
1635,1639
1635,1650
1635,1648
1635,1645
1635,1652
1636,1637
1636,1639
1636,1647
1636,1654
1636,1643
1636,1649
1636,1644
1636,1650
1637,1649
1637,1646
1637,1643
1637,1644
1637,1656
1637,1642
1638,1655
1638,1652
1638,1641
1638,1640
1638,1654
1638,1642
1639,1655
1639,1652
1639,1640
1639,1646
1639,1647
1640,1650
1640,1643
1640,1644
1640,1645
1641,1651
1641,1653
1642,1643
1642,1651
1642,1650
1642,1649
1643,1647
1643,1655
1644,1653
1644,1648
1645,1656
1645,1647
1645,1649
1645,1646
1645,1652
1646,1648
1646,1653
1646,1654
1647,1648
1647,1650
1647,1651
1648,1652
1648,1656
1650,1654
1650,1652
1651,1652
1651,1656
1652,1653
1653,1656
1654,1656
1655,1656
1657,1658
1657,1659
1657,1661
1657,1670
1657,1666
1657,1668
1657,1669
1657,1664
1657,1675
1657,1677
1657,1673
1657,1663
1658,1659
1658,1662
1658,1668
1658,1669
1658,1679
1658,1667
1658,1671
1659,1660
1659,1676
1659,1671
1659,1673
1659,1677
1659,1672
1660,1661
1660,1668
1660,1671
1660,1667
1660,1679
1660,1674
1660,1673
1660,1670
1660,1676
1661,1680
1661,1673
1661,1674
1661,1672
1661,1663
1661,1679
1662,1663
1662,1665
1662,1680
1662,1674
1662,1676
1662,1679
1662,1678
1662,1669
1663,1672
1663,1665
1663,1667
1663,1679
1663,1670
1664,1670
1664,1672
1664,1667
1664,1677
1665,1674
1665,1678
1665,1666
1666,1668
1666,1672
1667,1671
1667,1674
1667,1676
1668,1679
1668,1670
1668,1674
1669,1677
1669,1676
1669,1672
1669,1679
1670,1676
1670,1680
1671,1679
1671,1677
1672,1674
1672,1678
1673,1675
1673,1679
1673,1674
1674,1680
1675,1680
1675,1677
1675,1676
1677,1678
1678,1679
1679,1680
1681,1682
1681,1683
1681,1684
1681,1691
1681,1698
1681,1693
1681,1690
1681,1687
1681,1695
1681,1699
1681,1689
1682,1683
1682,1687
1682,1697
1682,1690
1682,1698
1682,1691
1682,1699
1682,1695
1683,1685
1683,1691
1683,1689
1683,1693
1683,1687
1683,1704
1683,1694
1684,1684
1684,1699
1684,1700
1684,1703
1684,1702
1684,1689
1684,1696
1684,1704
1684,1690
1684,1693
1685,1686
1685,1694
1685,1691
1685,1688
1685,1689
1685,1697
1685,1703
1685,1690
1686,1687
1686,1702
1686,1700
1686,1690
1686,1699
1686,1701
1686,1697
1687,1699
1687,1695
1687,1701
1687,1693
1687,1690
1688,1703
1688,1695
1688,1693
1688,1701
1688,1702
1688,1698
1688,1692
1689,1703
1689,1699
1689,1702
1689,1692
1689,1701
1690,1700
1690,1703
1690,1691
1690,1698
1691,1701
1691,1692
1691,1702
1692,1700
1693,1694
1693,1696
1694,1700
1694,1703
1694,1695
1695,1697
1696,1701
1696,1702
1696,1697
1697,1700
1697,1699
1698,1699
1700,1702
1700,1704
1701,1704
1705,1706
1705,1707
1705,1709
1705,1710
1705,1708
1705,1725
1705,1712
1705,1726
1705,1727
1705,1718
1705,1719
1706,1707
1706,1714
1706,1712
1706,1719
1706,1727
1706,1721
1706,1713
1706,1715
1706,1723
1706,1711
1707,1724
1707,1722
1707,1712
1707,1727
1707,1716
1707,1726
1707,1723
1708,1717
1708,1711
1708,1722
1708,1725
1708,1715
1709,1728
1709,1714
1709,1725
1709,1712
1709,1726
1709,1722
1709,1723
1710,1724
1710,1722
1710,1723
1710,1714
1710,1718
1710,1727
1710,1721
1711,1721
1711,1714
1711,1726
1711,1725
1711,1720
1711,1717
1712,1726
1712,1720
1712,1716
1712,1721
1712,1723
1713,1723
1713,1722
1713,1717
1713,1725
1714,1724
1714,1722
1714,1723
1714,1728
1715,1728
1715,1719
1715,1723
1715,1717
1715,1726
1715,1716
1715,1724
1715,1720
1716,1722
1716,1725
1718,1723
1718,1725
1719,1727
1719,1722
1719,1721
1721,1724
1723,1727
1724,1727
1726,1727
1729,1730
1729,1731
1729,1739
1730,1731
1730,1735
1730,1733
1730,1738
1731,1732
1731,1739
1731,1738
1731,1736
1732,1733
1732,1738
1732,1739
1734,1735
1734,1741
1734,1737
1734,1740
1736,1736
1737,1740
1737,1738
1741,1742
1743,1744
1743,1745
1744,1745
1744,1748
1744,1755
1744,1753
1744,1754
1744,1750
1746,1747
1746,1748
1746,1750
1746,1753
1747,1751
1747,1754
1748,1749
1748,1754
1749,1752
1750,1755
1751,1754
1753,1754
1754,1755
1755,1756
1757,1758
1757,1759
1757,1764
1758,1759
1758,1762
1758,1764
1758,1766
1758,1768
1759,1763
1759,1767
1759,1765
1759,1764
1760,1762
1760,1766
1761,1763
1761,1767
1761,1770
1762,1763
1763,1769
1763,1766
1764,1769
1764,1766
1765,1770
1765,1768
1765,1769
1771,1772
1771,1773
1771,1777
1771,1774
1771,1783
1771,1781
1771,1782
1772,1773
1772,1779
1773,1780
1773,1783
1774,1775
1774,1776
1775,1777
1775,1779
1775,1780
1776,1781
1777,1780
1778,1783
1779,1782
1780,1781
1780,1783
1782,1783
1785,1786
1785,1787
1785,1788
1785,1796
1786,1787
1786,1790
1786,1795
1786,1796
1786,1792
1786,1798
1787,1795
1788,1790
1788,1791
1789,1790
1789,1791
1789,1795
1789,1797
1790,1798
1790,1793
1791,1797
1792,1796
1794,1796
1796,1798
1798,1798
1799,1800
1799,1801
1799,1809
1800,1801
1800,1810
1800,1806
1801,1805
1801,1802
1801,1809
1801,1812
1802,1803
1802,1809
1803,1805
1803,1806
1803,1808
1804,1812
1804,1808
1805,1806
1805,1808
1806,1810
1806,1808
1807,1809
1807,1812
1809,1811
1809,1810
1811,1812
1813,1814
1813,1815
1813,1823
1813,1820
1814,1815
1814,1819
1815,1826
1815,1821
1816,1818
1816,1819
1816,1820
1816,1826
1816,1824
1817,1821
1818,1822
1819,1822
1819,1821
1820,1824
1821,1825
1822,1826
1822,1825
1824,1825
1827,1828
1827,1829
1827,1832
1827,1835
1828,1829
1828,1833
1828,1837
1829,1830
1830,1830
1830,1834
1830,1840
1831,1832
1831,1839
1832,1833
1832,1834
1832,1839
1833,1840
1833,1838
1833,1837
1834,1836
1834,1838
1835,1838
1835,1839
1837,1838
1841,1842
1841,1843
1841,1853
1842,1843
1842,1847
1842,1854
1842,1848
1842,1852
1843,1846
1843,1845
1843,1844
1843,1853
1843,1851
1843,1850
1843,1854
1844,1848
1844,1853
1844,1849
1844,1852
1844,1850
1845,1847
1845,1849
1845,1852
1846,1848
1846,1854
1847,1852
1847,1854
1847,1850
1847,1853
1847,1849
1848,1853
1848,1854
1848,1852
1849,1853
1849,1851
1850,1853
1850,1854
1850,1851
1851,1852
1855,1856
1855,1857
1855,1858
1855,1868
1855,1866
1855,1867
1856,1857
1856,1865
1857,1859
1857,1860
1857,1867
1857,1866
1857,1868
1857,1863
1858,1858
1858,1859
1858,1866
1858,1862
1858,1863
1859,1861
1859,1868
1859,1864
1859,1866
1859,1867
1860,1863
1861,1867
1861,1862
1862,1863
1862,1868
1863,1867
1865,1867
1865,1866
1866,1868
1867,1868
1869,1870
1869,1871
1869,1875
1869,1878
1869,1876
1869,1881
1870,1871
1870,1874
1870,1878
1870,1882
1870,1881
1871,1880
1871,1881
1871,1877
1872,1874
1872,1875
1872,1881
1872,1878
1872,1882
1872,1879
1873,1875
1873,1878
1874,1881
1874,1877
1875,1878
1875,1880
1876,1881
1877,1878
1877,1881
1878,1882
1878,1880
1879,1880
1879,1881
1883,1884
1883,1885
1883,1887
1883,1886
1883,1895
1883,1890
1884,1885
1884,1890
1884,1892
1884,1891
1884,1895
1885,1888
1885,1893
1885,1894
1885,1891
1885,1892
1886,1886
1886,1888
1886,1891
1886,1890
1887,1888
1887,1896
1887,1894
1888,1889
1888,1892
1888,1894
1888,1891
1888,1893
1889,1896
1889,1891
1889,1890
1890,1893
1890,1895
1891,1893
1891,1895
1892,1894
1892,1895
1893,1896
1895,1896
1897,1898
1897,1899
1897,1900
1897,1901
1897,1910
1897,1905
1897,1909
1897,1906
1898,1899
1898,1905
1898,1909
1898,1908
1898,1910
1898,1906
1898,1904
1899,1902
1899,1903
1899,1909
1900,1908
1900,1910
1901,1902
1901,1907
1902,1910
1902,1907
1902,1906
1903,1910
1904,1906
1905,1909
1905,1907
1906,1910
1907,1910
1908,1910
1909,1910
1911,1912
1911,1913
1911,1916
1911,1924
1912,1913
1912,1923
1912,1918
1912,1921
1912,1920
1912,1922
1913,1915
1913,1917
1913,1914
1913,1921
1913,1919
1913,1920
1914,1916
1914,1919
1914,1918
1914,1923
1915,1921
1915,1922
1916,1916
1916,1917
1916,1922
1916,1924
1916,1920
1916,1921
1917,1919
1917,1918
1917,1921
1918,1923
1918,1920
1919,1923
1919,1924
1919,1920
1920,1920
1921,1923
1922,1924
1925,1926
1925,1927
1925,1932
1925,1938
1926,1927
1926,1928
1926,1930
1926,1933
1926,1934
1927,1931
1927,1929
1928,1935
1928,1933
1928,1932
1929,1933
1929,1932
1929,1938
1929,1937
1929,1935
1930,1930
1930,1933
1930,1938
1930,1934
1930,1936
1930,1932
1931,1932
1931,1937
1931,1933
1932,1936
1933,1938
1933,1936
1934,1935
1934,1937
1935,1938
1936,1937
1937,1938
1939,1940
1939,1941
1939,1942
1939,1944
1939,1949
1939,1946
1939,1948
1940,1941
1940,1946
1940,1951
1941,1945
1941,1943
1941,1947
1941,1948
1941,1949
1941,1950
1942,1952
1943,1943
1943,1949
1944,1948
1944,1947
1944,1951
1944,1949
1944,1946
1945,1947
1945,1950
1946,1946
1946,1951
1947,1951
1947,1948
1948,1949
1949,1951
1950,1951
1951,1952
1953,1954
1953,1955
1953,1959
1953,1961
1954,1955
1954,1956
1954,1975
1954,1963
1955,1958
1955,1979
1955,1969
1955,1976
1955,1968
1955,1972
1955,1964
1956,1958
1956,1962
1956,1967
1956,1966
1956,1970
1957,1972
1957,1969
1957,1963
1957,1975
1958,1980
1958,1961
1958,1963
1958,1978
1958,1966
1958,1969
1958,1971
1958,1972
1959,1964
1959,1970
1959,1978
1959,1960
1959,1976
1960,1962
1960,1971
1960,1975
1961,1971
1961,1965
1961,1968
1961,1966
1962,1966
1962,1968
1962,1969
1962,1976
1962,1963
1963,1980
1963,1965
1963,1971
1964,1976
1964,1973
1964,1970
1964,1980
1964,1969
1964,1966
1965,1973
1965,1977
1965,1975
1966,1978
1966,1979
1966,1977
1967,1976
1967,1980
1967,1975
1967,1970
1968,1980
1969,1971
1969,1975
1969,1974
1970,1978
1971,1979
1971,1972
1971,1978
1972,1977
1972,1975
1974,1976
1975,1979
1978,1980
1981,1982
1981,1983
1981,1991
1981,1994
1981,2005
1981,2008
1981,1998
1982,1983
1982,1987
1982,1995
1982,2008
1982,1994
1982,2002
1982,1993
1983,2001
1983,1990
1984,1986
1984,1989
1984,1993
1984,2000
1985,1985
1985,2002
1985,2000
1985,1992
1985,1995
1985,1991
1985,2005
1985,1990
1986,2006
1986,2005
1986,1993
1987,2005
1987,1995
1987,1989
1987,2006
1987,2003
1988,2002
1988,2007
1988,1989
1988,2006
1988,2003
1988,1993
1989,2008
1990,1999
1990,1992
1991,1999
1991,2000
1991,2002
1992,2005
1992,2000
1993,2001
1994,2004
1994,1997
1994,2006
1994,1996
1995,2001
1995,2002
1996,2008
1996,1999
1997,2000
1997,2008
1997,2002
1998,2002
1998,2007
1999,2003
1999,2001
1999,2004
2000,2006
2000,2007
2000,2003
2001,2008
2002,2005
2004,2005
2005,2008
2009,2010
2009,2011
2009,2018
2009,2036
2009,2031
2009,2030
2009,2021
2009,2017
2010,2011
2010,2013
2010,2027
2010,2036
2010,2016
2010,2028
2010,2034
2010,2018
2011,2022
2011,2033
2011,2016
2012,2028
2012,2023
2012,2021
2012,2030
2013,2014
2013,2020
2013,2022
2013,2028
2013,2025
2013,2031
2013,2016
2014,2032
2014,2017
2014,2026
2014,2033
2014,2031
2014,2027
2015,2015
2015,2017
2015,2035
2015,2018
2016,2033
2016,2023
2016,2019
2017,2032
2017,2027
2017,2019
2017,2031
2017,2033
2018,2020
2018,2032
2018,2022
2018,2029
2018,2021
2019,2035
2020,2033
2020,2036
2021,2035
2021,2031
2022,2033
2023,2036
2023,2029
2023,2030
2024,2029
2024,2032
2024,2027
2025,2034
2025,2029
2025,2031
2026,2034
2026,2029
2027,2030
2027,2036
2029,2033
2029,2035
2030,2033
2032,2036
2032,2034
2037,2038
2037,2039
2037,2056
2037,2055
2037,2058
2037,2053
2038,2039
2038,2047
2038,2058
2038,2059
2038,2045
2038,2062
2039,2043
2039,2041
2039,2062
2039,2045
2039,2044
2039,2054
2040,2041
2040,2046
2040,2050
2040,2054
2041,2052
2041,2044
2041,2059
2042,2042
2042,2043
2042,2051
2042,2054
2042,2064
2042,2055
2042,2045
2042,2050
2043,2044
2043,2054
2043,2064
2043,2051
2044,2058
2044,2050
2044,2061
2044,2051
2045,2051
2045,2062
2045,2059
2046,2055
2046,2048
2046,2056
2046,2058
2047,2058
2047,2056
2047,2055
2047,2050
2048,2061
2049,2063
2049,2057
2050,2063
2050,2060
2051,2054
2051,2056
2052,2053
2052,2060
2052,2061
2053,2056
2053,2057
2053,2059
2053,2055
2054,2061
2054,2058
2058,2062
2058,2059
2060,2062
2062,2064
2065,2066
2065,2067
2065,2068
2065,2069
2065,2081
2065,2076
2065,2090
2066,2067
2066,2091
2067,2081
2067,2077
2067,2073
2068,2070
2068,2092
2068,2083
2068,2085
2068,2081
2068,2086
2069,2089
2069,2082
2069,2074
2069,2079
2069,2085
2069,2076
2069,2080
2069,2073
2070,2090
2070,2079
2070,2088
2070,2073
2071,2071
2071,2079
2071,2083
2071,2076
2071,2091
2071,2080
2071,2090
2072,2081
2072,2085
2072,2078
2073,2078
2073,2081
2073,2083
2073,2087
2073,2085
2074,2086
2074,2085
2074,2081
2075,2078
2075,2080
2075,2081
2076,2076
2076,2081
2076,2089
2077,2091
2077,2090
2077,2083
2077,2080
2078,2084
2079,2080
2079,2088
2079,2090
2080,2082
2081,2084
2081,2090
2081,2092
2082,2083
2082,2086
2082,2089
2083,2088
2084,2087
2087,2090
2087,2089
2087,2088
2088,2092
2093,2094
2093,2095
2093,2096
2093,2112
2093,2113
2093,2110
2093,2101
2094,2095
2094,2099
2094,2115
2094,2108
2094,2116
2095,2112
2095,2115
2095,2114
2095,2118
2095,2106
2095,2120
2095,2108
2095,2103
2096,2096
2096,2098
2096,2115
2096,2107
2096,2116
2096,2112
2097,2098
2097,2119
2097,2109
2097,2115
2097,2104
2097,2112
2097,2118
2097,2113
2098,2112
2098,2100
2098,2104
2099,2118
2099,2116
2099,2110
2100,2119
2100,2116
2101,2106
2101,2115
2101,2116
2101,2110
2102,2109
2102,2103
2102,2119
2102,2117
2103,2116
2103,2106
2104,2105
2104,2120
2104,2116
2104,2107
2105,2117
2105,2106
2106,2109
2107,2109
2107,2119
2107,2114
2107,2110
2108,2113
2108,2110
2108,2111
2109,2113
2110,2117
2111,2120
2111,2119
2111,2117
2112,2113
2112,2116
2113,2120
2113,2114
2114,2117
2118,2118
2118,2119
2118,2120
2121,2122
2121,2123
2121,2125
2121,2141
2121,2136
2121,2130
2121,2138
2121,2146
2122,2123
2122,2126
2122,2144
2122,2130
2122,2140
2122,2137
2122,2129
2123,2127
2123,2137
2123,2128
2123,2140
2123,2130
2123,2144
2124,2127
2124,2134
2124,2136
2124,2140
2124,2129
2124,2139
2124,2132
2124,2141
2125,2133
2125,2146
2125,2147
2125,2142
2126,2144
2126,2134
2126,2136
2126,2147
2127,2134
2127,2130
2127,2147
2128,2145
2128,2139
2129,2138
2129,2134
2130,2134
2130,2133
2130,2138
2131,2145
2131,2139
2131,2135
2131,2133
2132,2141
2132,2147
2132,2138
2132,2139
2132,2135
2133,2142
2133,2136
2133,2148
2134,2145
2134,2141
2134,2139
2134,2143
2135,2143
2135,2144
2135,2136
2136,2139
2137,2139
2137,2144
2138,2140
2138,2145
2141,2142
2142,2144
2143,2148
2143,2147
2144,2145
2144,2147
2145,2146
2149,2150
2149,2151
2149,2159
2149,2166
2149,2157
2149,2171
2149,2170
2150,2151
2150,2172
2150,2166
2150,2156
2151,2154
2151,2163
2151,2166
2151,2165
2151,2170
2151,2156
2151,2168
2152,2155
2152,2160
2152,2162
2152,2156
2152,2169
2152,2171
2152,2170
2152,2157
2153,2174
2153,2170
2153,2163
2153,2162
2154,2164
2154,2171
2154,2170
2155,2164
2155,2173
2155,2162
2155,2158
2155,2174
2156,2164
2156,2176
2156,2171
2156,2163
2156,2161
2156,2172
2157,2165
2157,2163
2157,2164
2158,2167
2158,2168
2158,2172
2158,2171
2159,2161
2159,2162
2159,2168
2159,2172
2160,2169
2160,2162
2160,2174
2160,2171
2161,2165
2162,2166
2162,2163
2162,2173
2164,2166
2165,2175
2165,2166
2165,2173
2166,2171
2166,2167
2166,2170
2166,2169
2167,2174
2168,2175
2169,2176
2172,2174
2172,2175
2173,2176
2177,2178
2177,2179
2177,2181
2177,2187
2177,2185
2177,2204
2177,2192
2177,2195
2177,2194
2178,2179
2178,2180
2178,2183
2178,2194
2178,2192
2178,2186
2178,2190
2178,2203
2178,2187
2178,2202
2178,2188
2178,2199
2178,2195
2179,2182
2179,2203
2179,2201
2179,2186
2179,2196
2179,2199
2179,2192
2179,2185
2180,2182
2180,2181
2180,2185
2180,2201
2180,2203
2180,2193
2180,2194
2180,2186
2180,2200
2180,2192
2181,2187
2181,2203
2181,2185
2181,2204
2181,2202
2181,2196
2181,2193
2181,2199
2182,2182
2182,2200
2182,2197
2182,2196
2182,2191
2182,2189
2182,2204
2182,2193
2182,2186
2182,2190
2183,2204
2183,2202
2183,2187
2183,2201
2183,2194
2183,2198
2183,2191
2183,2192
2183,2189
2183,2196
2184,2200
2184,2194
2184,2193
2184,2204
2184,2189
2185,2193
2185,2191
2185,2202
2185,2192
2185,2186
2186,2200
2186,2199
2186,2204
2186,2195
2186,2198
2187,2201
2187,2192
2187,2198
2188,2193
2188,2200
2188,2192
2188,2204
2188,2191
2189,2198
2189,2191
2189,2202
2189,2192
2190,2200
2190,2191
2191,2194
2191,2196
2191,2203
2192,2197
2192,2194
2193,2195
2193,2198
2193,2197
2194,2201
2195,2202
2195,2196
2196,2198
2196,2201
2196,2197
2197,2199
2197,2203
2200,2201
2201,2203
2201,2202
2202,2204
2204,2204
2205,2206
2205,2207
2205,2210
2205,2232
2205,2219
2205,2221
2205,2216
2205,2223
2205,2228
2205,2213
2205,2225
2205,2222
2206,2207
2206,2211
2206,2220
2206,2224
2206,2222
2206,2232
2206,2221
2206,2213
2206,2219
2206,2227
2206,2212
2207,2219
2207,2213
2207,2228
2207,2226
2207,2229
2207,2221
2207,2230
2207,2225
2207,2231
2207,2215
2208,2208
2208,2211
2208,2215
2208,2219
2208,2223
2208,2224
2208,2212
2208,2225
2208,2230
2208,2217
2208,2218
2209,2210
2209,2212
2209,2224
2209,2226
2209,2225
2209,2222
2209,2229
2209,2213
2210,2211
2210,2230
2210,2219
2210,2222
2210,2221
2210,2214
2210,2217
2210,2215
2211,2225
2211,2232
2211,2228
2211,2226
2211,2212
2211,2215
2211,2217
2212,2216
2212,2215
2212,2229
2212,2219
2212,2225
2212,2222
2213,2221
2213,2218
2213,2230
2213,2231
2213,2229
2213,2217
2214,2223
2214,2225
2214,2222
2214,2232
2215,2227
2215,2230
2215,2228
2215,2231
2216,2230
2216,2228
2216,2220
2216,2231
2217,2219
2217,2224
2217,2232
2218,2219
2218,2225
2218,2224
2219,2231
2219,2230
2219,2223
2219,2221
2220,2223
2220,2225
2220,2224
2220,2221
2221,2232
2221,2222
2222,2227
2222,2231
2222,2226
2222,2230
2222,2224
2223,2228
2224,2229
2225,2228
2225,2227
2226,2229
2227,2232
2228,2232
2229,2232
2233,2234
2233,2235
2233,2236
2233,2260
2233,2259
2233,2255
2233,2246
2233,2250
2233,2249
2233,2256
2233,2251
2234,2235
2234,2238
2234,2258
2234,2246
2234,2243
2234,2257
2234,2253
2234,2244
2234,2248
2234,2255
2234,2254
2234,2259
2235,2239
2235,2251
2235,2247
2235,2254
2235,2252
2235,2258
2235,2242
2235,2245
2235,2259
2235,2260
2235,2249
2235,2243
2235,2248
2235,2253
2236,2236
2236,2239
2236,2249
2236,2258
2236,2250
2236,2247
2236,2243
2236,2240
2236,2244
2237,2239
2237,2260
2237,2255
2237,2250
2237,2258
2237,2241
2237,2256
2237,2254
2238,2239
2238,2253
2238,2259
2238,2242
2238,2246
2238,2247
2238,2254
2238,2258
2238,2256
2238,2250
2239,2252
2239,2246
2239,2249
2239,2254
2239,2251
2239,2240
2239,2255
2240,2243
2240,2252
2240,2241
2240,2259
2240,2260
2241,2247
2241,2257
2241,2249
2241,2250
2241,2253
2241,2244
2242,2242
2242,2249
2242,2258
2242,2250
2242,2247
2242,2253
2242,2243
2243,2246
2243,2255
2243,2251
2244,2258
2244,2260
2244,2252
2245,2258
2245,2249
2245,2250
2245,2257
2245,2248
2246,2260
2246,2258
2246,2252
2246,2254
2247,2254
2248,2253
2248,2252
2248,2260
2248,2256
2249,2254
2249,2256
2250,2252
2250,2254
2251,2258
2251,2260
2251,2254
2252,2257
2253,2259
2254,2257
2255,2259
2255,2258
2255,2257
2256,2258
2257,2260
2261,2262
2261,2263
2261,2265
2261,2267
2261,2264
2261,2284
2261,2287
2261,2274
2261,2279
2261,2277
2261,2286
2261,2272
2262,2263
2262,2272
2262,2283
2262,2280
2262,2273
2262,2286
2262,2274
2262,2288
2262,2285
2263,2266
2263,2288
2263,2273
2263,2278
2263,2280
2263,2282
2263,2269
2264,2282
2264,2276
2264,2271
2264,2278
2264,2275
2264,2281
2264,2269
2264,2284
2264,2288
2264,2283
2265,2266
2265,2275
2265,2286
2265,2274
2265,2278
2265,2271
2266,2267
2266,2287
2266,2284
2266,2268
2266,2274
2266,2276
2266,2288
2266,2282
2266,2275
2266,2271
2267,2277
2267,2280
2267,2273
2267,2269
2267,2276
2267,2287
2267,2283
2267,2284
2268,2285
2268,2286
2268,2274
2268,2283
2268,2275
2269,2274
2269,2279
2269,2280
2269,2276
2269,2271
2270,2281
2270,2276
2270,2274
2270,2279
2270,2277
2270,2275
2270,2272
2270,2285
2271,2282
2271,2272
2271,2275
2271,2288
2272,2280
2272,2283
2272,2278
2273,2288
2273,2280
2273,2278
2274,2282
2274,2284
2274,2287
2274,2288
2275,2278
2276,2283
2276,2282
2277,2278
2277,2288
2277,2282
2277,2283
2278,2284
2278,2285
2278,2281
2279,2288
2279,2284
2280,2285
2280,2282
2280,2281
2280,2287
2281,2286
2281,2283
2282,2286
2283,2284
2285,2288
2286,2288
2289,2290
2289,2291
2289,2292
2289,2295
2289,2298
2289,2297
2289,2308
2289,2306
2289,2312
2289,2311
2289,2305
2290,2291
2290,2293
2290,2302
2290,2310
2290,2304
2290,2298
2290,2314
2290,2296
2290,2308
2290,2316
2290,2303
2290,2306
2291,2294
2291,2316
2291,2309
2291,2301
2291,2296
2291,2297
2291,2304
2291,2314
2291,2299
2292,2292
2292,2294
2292,2309
2292,2311
2292,2299
2292,2315
2292,2316
2292,2306
2293,2295
2293,2294
2293,2303
2293,2306
2293,2299
2293,2298
2293,2314
2293,2316
2293,2300
2293,2304
2294,2304
2294,2313
2294,2303
2294,2302
2294,2308
2294,2307
2294,2299
2294,2296
2294,2305
2294,2310
2294,2297
2294,2315
2295,2296
2295,2304
2295,2308
2295,2305
2295,2310
2295,2312
2295,2301
2295,2311
2296,2296
2296,2315
2296,2307
2296,2311
2296,2300
2297,2307
2297,2310
2297,2300
2297,2304
2297,2312
2298,2310
2298,2309
2298,2306
2298,2303
2298,2314
2299,2308
2299,2309
2299,2306
2300,2303
2300,2314
2300,2305
2300,2306
2300,2313
2301,2313
2301,2312
2301,2302
2301,2305
2301,2307
2301,2306
2302,2311
2302,2309
2302,2308
2302,2314
2303,2316
2303,2307
2303,2311
2304,2306
2304,2309
2304,2314
2304,2305
2304,2308
2305,2310
2306,2311
2306,2315
2307,2314
2307,2309
2308,2313
2308,2316
2308,2310
2309,2315
2309,2313
2310,2311
2312,2315
2312,2316
2312,2314
2313,2313
2317,2318
2317,2319
2317,2321
2317,2326
2317,2325
2317,2343
2317,2336
2317,2324
2317,2344
2317,2328
2317,2332
2317,2329
2317,2331
2318,2319
2318,2322
2318,2323
2318,2331
2318,2340
2318,2332
2318,2336
2318,2333
2318,2343
2318,2338
2318,2339
2319,2320
2319,2328
2319,2332
2319,2335
2319,2342
2319,2329
2319,2337
2319,2333
2319,2338
2320,2338
2320,2339
2320,2331
2320,2332
2320,2327
2320,2342
2321,2323
2321,2322
2321,2327
2321,2331
2321,2329
2321,2325
2321,2339
2321,2342
2321,2324
2321,2336
2321,2340
2322,2325
2322,2331
2322,2327
2322,2324
2322,2338
2322,2335
2323,2337
2323,2335
2323,2333
2323,2334
2323,2342
2323,2325
2323,2328
2323,2339
2323,2341
2324,2340
2324,2341
2324,2332
2324,2329
2324,2338
2324,2343
2325,2344
2325,2327
2325,2341
2325,2335
2325,2337
2325,2343
2326,2331
2326,2340
2326,2339
2326,2332
2327,2336
2327,2333
2327,2340
2327,2330
2328,2330
2328,2334
2328,2332
2328,2333
2329,2331
2329,2342
2329,2333
2330,2331
2330,2339
2331,2336
2331,2338
2331,2341
2332,2335
2332,2344
2333,2343
2333,2341
2333,2335
2334,2341
2334,2336
2334,2344
2334,2337
2334,2343
2335,2336
2335,2338
2335,2342
2336,2339
2337,2340
2338,2344
2339,2342
2339,2343
2345,2346
2345,2347
2345,2349
2345,2350
2345,2353
2345,2369
2345,2367
2345,2354
2345,2356
2345,2368
2345,2358
2346,2347
2346,2357
2346,2372
2346,2365
2346,2363
2346,2366
2346,2356
2346,2364
2346,2360
2347,2351
2347,2354
2347,2363
2347,2359
2347,2369
2347,2357
2347,2360
2347,2366
2347,2361
2347,2353
2348,2357
2348,2352
2348,2363
2348,2368
2348,2359
2348,2360
2348,2355
2348,2365
2348,2372
2349,2351
2349,2364
2349,2362
2349,2361
2349,2354
2349,2371
2349,2370
2350,2351
2350,2364
2350,2365
2350,2357
2350,2361
2350,2353
2350,2354
2350,2362
2350,2360
2351,2366
2351,2362
2351,2361
2351,2356
2351,2367
2351,2364
2351,2357
2351,2372
2351,2363
2351,2368
2352,2371
2352,2372
2352,2370
2352,2362
2353,2361
2353,2371
2353,2370
2353,2365
2354,2362
2354,2370
2354,2368
2354,2360
2354,2369
2354,2356
2355,2370
2355,2356
2355,2372
2355,2369
2355,2361
2355,2360
2355,2362
2356,2359
2356,2371
2356,2364
2357,2364
2357,2367
2357,2366
2358,2370
2358,2369
2358,2363
2358,2368
2359,2361
2359,2372
2359,2360
2360,2364
2360,2365
2361,2368
2361,2364
2362,2363
2362,2367
2362,2366
2363,2372
2363,2371
2363,2364
2364,2370
2365,2368
2365,2366
2366,2371
2366,2369
2366,2370
2367,2370
2367,2368
2368,2371
2373,2374
2373,2375
2373,2378
2373,2379
2373,2376
2373,2385
2373,2382
2373,2396
2373,2394
2373,2380
2373,2397
2373,2386
2374,2375
2374,2377
2374,2400
2374,2386
2374,2397
2374,2395
2374,2381
2374,2393
2374,2385
2375,2385
2375,2384
2375,2387
2375,2395
2375,2398
2375,2389
2375,2381
2375,2386
2375,2390
2375,2393
2375,2383
2375,2400
2375,2396
2376,2395
2376,2389
2376,2396
2376,2383
2376,2381
2376,2397
2376,2382
2376,2392
2376,2398
2377,2378
2377,2382
2377,2399
2377,2383
2377,2393
2377,2380
2377,2381
2378,2386
2378,2391
2378,2393
2378,2384
2378,2381
2378,2395
2378,2385
2378,2400
2378,2383
2379,2382
2379,2384
2379,2386
2379,2383
2379,2390
2379,2388
2380,2383
2380,2382
2380,2397
2380,2385
2380,2399
2381,2399
2381,2384
2381,2395
2382,2392
2382,2388
2382,2384
2382,2390
2382,2387
2383,2396
2383,2391
2383,2386
2384,2394
2384,2400
2384,2389
2384,2397
2385,2386
2385,2400
2385,2394
2385,2393
2385,2395
2386,2390
2386,2389
2386,2387
2387,2395
2387,2400
2387,2394
2387,2393
2388,2391
2388,2399
2389,2391
2389,2399
2389,2392
2390,2400
2390,2399
2390,2397
2391,2400
2391,2395
2392,2398
2392,2396
2393,2399
2393,2397
2393,2396
2394,2396
2394,2398
2395,2397
2395,2396
2398,2400
2398,2399
2401,2402
2401,2403
2401,2404
2401,2407
2401,2406
2401,2416
2402,2403
2402,2408
2402,2413
2402,2410
2403,2413
2403,2412
2404,2415
2405,2407
2405,2412
2405,2410
2406,2411
2406,2409
2406,2416
2407,2408
2407,2409
2408,2412
2408,2414
2409,2411
2409,2414
2409,2412
2412,2416
2412,2415
2413,2414
2414,2415
2417,2418
2417,2419
2417,2424
2417,2422
2417,2420
2417,2428
2418,2419
2418,2426
2418,2432
2418,2427
2419,2426
2419,2429
2419,2428
2420,2425
2421,2429
2421,2426
2423,2425
2423,2427
2423,2431
2424,2430
2424,2431
2425,2426
2425,2431
2426,2429
2428,2430
2429,2432
2430,2430
2430,2432
2430,2431
2433,2434
2433,2435
2433,2441
2434,2435
2434,2438
2434,2446
2435,2442
2435,2447
2436,2439
2436,2440
2436,2438
2437,2439
2437,2448
2437,2446
2437,2444
2437,2443
2438,2442
2438,2446
2438,2445
2439,2446
2440,2443
2441,2445
2442,2447
2442,2448
2443,2447
2443,2445
2444,2444
2445,2446
2449,2450
2449,2451
2449,2464
2450,2451
2450,2453
2451,2454
2451,2452
2451,2462
2451,2464
2451,2458
2451,2459
2451,2457
2452,2464
2452,2461
2453,2456
2453,2459
2455,2459
2455,2462
2455,2458
2456,2458
2456,2463
2456,2460
2457,2463
2457,2464
2457,2462
2458,2458
2459,2462
2461,2463
2461,2464
2465,2466
2465,2467
2465,2469
2465,2468
2465,2475
2466,2467
2466,2472
2466,2471
2466,2475
2466,2476
2467,2470
2468,2474
2469,2477
2469,2473
2469,2478
2470,2474
2470,2479
2470,2475
2471,2473
2471,2479
2471,2478
2471,2480
2472,2473
2472,2479
2473,2475
2473,2480
2473,2478
2474,2475
2474,2476
2475,2479
2476,2478
2477,2478
2481,2482
2481,2483
2481,2492
2482,2483
2482,2487
2482,2490
2483,2486
2483,2485
2483,2489
2483,2490
2483,2491
2484,2488
2484,2496
2484,2491
2485,2487
2485,2488
2485,2494
2485,2489
2486,2494
2486,2496
2486,2492
2486,2491
2487,2487
2487,2490
2488,2492
2488,2493
2489,2493
2490,2494
2492,2495
2492,2494
2493,2494
2493,2495
2494,2496
2497,2498
2497,2499
2497,2506
2497,2509
2498,2499
2498,2501
2498,2500
2498,2502
2498,2511
2499,2504
2499,2511
2499,2510
2500,2506
2500,2505
2500,2509
2500,2512
2501,2512
2502,2502
2502,2509
2503,2508
2504,2505
2505,2512
2506,2512
2507,2508
2508,2508
2508,2511
2509,2510
2509,2511
2510,2512
2513,2514
2513,2515
2513,2519
2513,2527
2513,2526
2513,2523
2514,2515
2514,2517
2514,2518
2514,2525
2514,2528
2514,2523
2515,2522
2515,2521
2516,2519
2516,2521
2516,2524
2517,2520
2517,2522
2517,2525
2519,2523
2519,2527
2520,2525
2521,2522
2521,2523
2523,2526
2524,2525
2525,2528
2526,2527
2527,2527
2529,2530
2529,2531
2529,2532
2529,2535
2529,2533
2529,2540
2530,2531
2530,2537
2530,2544
2531,2534
2531,2539
2531,2542
2531,2541
2531,2538
2531,2537
2532,2534
2532,2536
2532,2537
2532,2544
2532,2543
2533,2536
2533,2539
2533,2538
2533,2544
2534,2535
2534,2540
2534,2542
2534,2538
2534,2544
2534,2543
2535,2536
2535,2543
2535,2539
2536,2537
2536,2542
2536,2540
2536,2544
2537,2543
2537,2539
2538,2543
2538,2539
2538,2544
2538,2541
2539,2540
2540,2541
2540,2542
2540,2543
2545,2546
2545,2547
2545,2548
2545,2559
2545,2555
2546,2547
2546,2549
2546,2550
2546,2555
2546,2556
2546,2553
2546,2554
2547,2551
2547,2557
2547,2554
2547,2560
2548,2552
2548,2556
2548,2560
2548,2554
2549,2552
2549,2558
2549,2559
2549,2553
2549,2556
2550,2551
2550,2554
2550,2555
2550,2557
2550,2553
2550,2558
2551,2552
2551,2559
2552,2558
2552,2553
2552,2560
2552,2557
2553,2557
2553,2555
2554,2555
2554,2560
2555,2559
2556,2557
2556,2558
2558,2558
2558,2560
2559,2560
2561,2562
2561,2563
2561,2568
2561,2564
2561,2566
2561,2569
2561,2571
2562,2563
2562,2567
2562,2576
2562,2573
2562,2571
2562,2569
2563,2565
2563,2571
2563,2576
2563,2575
2563,2570
2563,2572
2564,2565
2564,2567
2564,2569
2565,2566
2565,2572
2565,2576
2565,2569
2565,2575
2566,2572
2566,2570
2566,2569
2566,2571
2567,2567
2567,2568
2567,2573
2567,2575
2568,2572
2568,2570
2568,2574
2569,2572
2570,2575
2570,2572
2570,2571
2571,2574
2571,2576
2572,2573
2572,2576
2572,2574
2573,2575
2574,2575
2577,2578
2577,2579
2577,2588
2577,2585
2577,2587
2577,2590
2577,2586
2578,2579
2578,2581
2578,2580
2578,2589
2578,2590
2578,2588
2578,2587
2579,2584
2579,2582
2579,2588
2579,2592
2579,2589
2580,2583
2580,2592
2580,2591
2580,2586
2580,2585
2581,2584
2581,2582
2581,2586
2581,2589
2581,2588
2581,2591
2582,2583
2582,2587
2583,2588
2583,2589
2584,2590
2585,2586
2585,2588
2585,2592
2586,2587
2587,2592
2588,2591
2588,2589
2590,2592
2591,2592
2593,2594
2593,2595
2593,2597
2593,2596
2594,2595
2594,2606
2594,2607
2594,2608
2594,2605
2594,2603
2595,2598
2595,2600
2595,2603
2595,2607
2595,2608
2596,2598
2596,2602
2596,2608
2597,2604
2597,2606
2597,2603
2597,2608
2598,2599
2598,2606
2598,2605
2599,2606
2599,2601
2599,2608
2599,2603
2599,2604
2599,2605
2600,2605
2600,2604
2601,2607
2601,2602
2602,2603
2602,2605
2603,2608
2603,2607
2604,2605
2605,2606
2605,2607
2609,2610
2609,2611
2609,2616
2609,2614
2609,2623
2609,2620
2609,2619
2610,2611
2610,2617
2610,2621
2610,2618
2610,2624
2611,2613
2611,2615
2611,2623
2611,2620
2611,2619
2612,2613
2612,2616
2612,2624
2612,2623
2612,2620
2612,2617
2613,2622
2614,2614
2614,2623
2614,2619
2614,2621
2615,2616
2615,2618
2615,2624
2615,2623
2616,2619
2616,2621
2616,2624
2617,2619
2618,2623
2618,2624
2619,2624
2619,2623
2620,2620
2620,2624
2621,2623
2622,2623
2623,2623
2625,2626
2625,2627
2625,2631
2625,2629
2625,2637
2625,2639
2626,2627
2626,2630
2626,2638
2626,2633
2627,2628
2627,2636
2628,2632
2628,2631
2628,2629
2628,2637
2628,2635
2628,2639
2628,2638
2629,2638
2629,2640
2629,2635
2629,2634
2629,2636
2629,2633
2629,2637
2630,2632
2630,2637
2630,2633
2630,2639
2630,2634
2631,2633
2631,2634
2631,2635
2631,2638
2632,2632
2632,2637
2633,2635
2633,2637
2634,2637
2635,2636
2636,2639
2636,2640
2637,2639
2638,2639
2641,2642
2641,2643
2641,2644
2641,2645
2641,2654
2641,2656
2641,2650
2642,2643
2642,2646
2642,2654
2642,2649
2643,2650
2643,2651
2643,2655
2643,2653
2644,2647
2644,2650
2645,2646
2645,2651
2645,2656
2645,2649
2645,2652
2645,2654
2646,2648
2646,2650
2646,2652
2646,2654
2646,2649
2646,2651
2647,2648
2647,2656
2647,2652
2647,2649
2647,2651
2648,2648
2648,2649
2648,2652
2649,2655
2649,2650
2650,2654
2650,2652
2651,2653
2651,2652
2653,2655
2654,2655
2655,2656
2656,2656
2657,2658
2657,2659
2657,2664
2657,2680
2657,2686
2657,2685
2658,2659
2658,2670
2658,2675
2658,2671
2658,2687
2658,2684
2658,2686
2659,2660
2659,2666
2659,2684
2659,2678
2659,2685
2659,2683
2659,2680
2660,2664
2660,2683
2660,2685
2660,2665
2660,2678
2660,2669
2660,2667
2661,2662
2661,2687
2661,2680
2661,2677
2661,2674
2661,2684
2662,2664
2662,2675
2662,2676
2662,2686
2662,2674
2662,2679
2663,2664
2663,2676
2663,2678
2663,2681
2663,2675
2663,2680
2663,2668
2664,2676
2664,2681
2664,2687
2664,2674
2664,2666
2665,2678
2665,2675
2665,2683
2665,2677
2666,2672
2666,2674
2666,2680
2666,2670
2666,2677
2666,2669
2667,2678
2667,2676
2667,2688
2668,2679
2668,2675
2668,2673
2668,2678
2668,2672
2669,2683
2670,2681
2670,2684
2671,2683
2671,2674
2671,2680
2671,2678
2672,2685
2672,2684
2672,2676
2673,2683
2673,2685
2673,2674
2674,2686
2674,2688
2675,2686
2675,2685
2676,2677
2676,2682
2677,2684
2677,2685
2678,2682
2679,2688
2679,2687
2680,2681
2680,2682
2680,2687
2680,2686
2681,2685
2682,2684
2682,2685
2683,2687
2689,2690
2689,2691
2689,2694
2689,2692
2689,2705
2689,2704
2689,2716
2689,2720
2689,2707
2689,2706
2690,2691
2690,2693
2690,2700
2690,2703
2690,2710
2691,2703
2691,2712
2691,2717
2691,2707
2691,2702
2691,2701
2692,2718
2692,2711
2692,2717
2693,2695
2693,2711
2693,2713
2693,2699
2693,2704
2693,2719
2693,2701
2693,2697
2694,2695
2694,2703
2694,2716
2694,2697
2694,2704
2694,2708
2694,2700
2695,2720
2695,2704
2695,2707
2695,2701
2695,2702
2695,2699
2695,2712
2695,2703
2696,2705
2696,2711
2696,2704
2696,2707
2697,2716
2697,2719
2697,2708
2697,2706
2698,2712
2698,2701
2698,2719
2699,2703
2699,2705
2699,2701
2699,2712
2700,2714
2700,2704
2700,2716
2701,2709
2702,2713
2702,2707
2702,2716
2703,2713
2703,2706
2703,2711
2704,2712
2704,2719
2704,2710
2704,2718
2704,2708
2705,2707
2705,2715
2705,2716
2706,2712
2707,2719
2707,2709
2707,2710
2708,2717
2709,2720
2711,2720
2711,2714
2711,2717
2712,2714
2713,2720
2713,2717
2715,2719
2716,2720
2719,2720
2721,2722
2721,2723
2721,2752
2721,2745
2721,2734
2721,2742
2722,2723
2722,2726
2722,2725
2722,2744
2722,2730
2722,2733
2722,2745
2722,2741
2722,2737
2722,2748
2723,2728
2723,2727
2723,2735
2723,2737
2723,2748
2724,2728
2724,2725
2724,2730
2724,2742
2724,2733
2724,2748
2724,2747
2724,2732
2724,2749
2724,2741
2725,2750
2725,2729
2725,2730
2725,2740
2725,2741
2725,2746
2726,2748
2726,2736
2726,2737
2726,2734
2726,2743
2727,2746
2727,2744
2727,2743
2727,2739
2727,2751
2728,2731
2728,2736
2728,2739
2728,2740
2728,2744
2729,2730
2729,2743
2730,2745
2730,2750
2730,2740
2730,2736
2731,2744
2731,2732
2731,2745
2731,2749
2731,2750
2731,2752
2732,2733
2732,2742
2732,2746
2733,2739
2733,2738
2733,2750
2733,2752
2733,2745
2733,2749
2733,2751
2734,2740
2734,2751
2734,2752
2734,2745
2734,2738
2735,2736
2735,2745
2735,2738
2735,2741
2736,2744
2737,2741
2737,2752
2737,2743
2738,2744
2738,2748
2738,2747
2739,2746
2739,2740
2739,2748
2739,2743
2740,2741
2742,2744
2742,2751
2742,2750
2743,2744
2745,2748
2746,2750
2747,2750
2747,2752
2748,2751
2753,2754
2753,2755
2753,2758
2753,2759
2753,2772
2753,2780
2753,2763
2754,2755
2754,2760
2754,2776
2754,2775
2754,2782
2754,2773
2754,2780
2754,2777
2754,2771
2754,2774
2755,2756
2755,2769
2755,2771
2755,2761
2755,2776
2755,2778
2755,2766
2755,2777
2755,2784
2756,2760
2756,2776
2756,2778
2756,2782
2756,2771
2756,2779
2757,2757
2757,2777
2757,2781
2757,2780
2757,2774
2758,2760
2758,2780
2758,2778
2758,2773
2759,2769
2759,2765
2759,2767
2759,2764
2759,2778
2759,2773
2760,2766
2760,2770
2760,2776
2760,2781
2761,2781
2761,2773
2761,2778
2762,2769
2762,2775
2762,2778
2762,2783
2763,2763
2763,2782
2763,2773
2763,2780
2763,2772
2764,2775
2764,2776
2764,2767
2765,2773
2765,2776
2765,2783
2766,2768
2766,2770
2766,2778
2766,2779
2766,2774
2766,2784
2767,2769
2767,2778
2768,2772
2768,2783
2769,2781
2769,2777
2770,2777
2771,2772
2771,2783
2771,2784
2771,2776
2772,2774
2773,2779
2773,2784
2774,2781
2774,2783
2775,2782
2775,2779
2775,2777
2779,2783
2780,2781
2780,2783
2781,2784
2782,2784
2785,2786
2785,2787
2785,2794
2785,2812
2785,2804
2785,2800
2785,2799
2786,2787
2786,2788
2786,2806
2786,2804
2786,2796
2786,2815
2786,2812
2786,2809
2786,2798
2787,2790
2787,2789
2787,2809
2787,2801
2787,2813
2787,2798
2787,2804
2787,2793
2788,2791
2788,2809
2788,2815
2788,2808
2788,2806
2789,2791
2789,2796
2789,2807
2789,2812
2789,2809
2789,2805
2789,2816
2790,2792
2790,2807
2790,2809
2790,2795
2790,2800
2790,2799
2790,2812
2791,2811
2791,2806
2791,2807
2791,2810
2791,2802
2792,2816
2792,2805
2792,2806
2792,2814
2792,2797
2793,2795
2793,2815
2793,2800
2794,2800
2794,2797
2794,2801
2795,2813
2795,2807
2795,2814
2795,2799
2796,2804
2796,2800
2796,2802
2796,2798
2796,2801
2797,2805
2797,2808
2798,2809
2798,2806
2798,2807
2799,2806
2799,2809
2799,2810
2800,2811
2800,2805
2800,2812
2800,2810
2800,2813
2801,2801
2802,2803
2802,2806
2802,2815
2802,2807
2803,2808
2804,2809
2804,2806
2804,2814
2805,2806
2805,2815
2806,2811
2807,2808
2808,2816
2808,2809
2808,2813
2809,2815
2811,2816
2811,2815
2812,2815
2812,2814
2813,2815
2817,2818
2817,2819
2817,2822
2817,2833
2817,2825
2817,2835
2817,2839
2817,2841
2817,2828
2817,2831
2818,2819
2818,2840
2818,2842
2818,2836
2818,2833
2819,2823
2819,2821
2819,2842
2819,2830
2819,2845
2819,2838
2819,2829
2820,2828
2820,2829
2820,2838
2820,2825
2820,2831
2820,2832
2820,2845
2820,2846
2821,2839
2821,2836
2821,2826
2821,2834
2821,2845
2821,2838
2821,2828
2822,2823
2822,2825
2822,2828
2822,2837
2822,2842
2822,2826
2823,2824
2823,2828
2823,2836
2823,2831
2823,2825
2823,2832
2824,2833
2824,2836
2824,2834
2825,2828
2825,2841
2825,2842
2825,2827
2825,2833
2826,2837
2826,2839
2827,2836
2827,2837
2828,2835
2828,2848
2828,2830
2828,2832
2829,2834
2829,2844
2829,2847
2829,2843
2830,2834
2830,2839
2830,2838
2831,2831
2831,2848
2831,2844
2831,2836
2832,2832
2832,2837
2832,2838
2833,2848
2833,2837
2833,2836
2833,2840
2834,2845
2834,2840
2835,2844
2835,2840
2835,2843
2836,2841
2837,2846
2837,2844
2837,2841
2838,2845
2838,2848
2839,2847
2839,2840
2839,2845
2839,2841
2842,2846
2842,2848
2843,2846
2846,2847
2849,2850
2849,2851
2849,2856
2849,2854
2849,2861
2849,2865
2849,2878
2849,2879
2849,2858
2849,2874
2850,2851
2850,2864
2850,2875
2850,2863
2850,2858
2851,2852
2851,2870
2851,2864
2851,2858
2851,2879
2851,2876
2851,2862
2851,2872
2852,2855
2852,2863
2852,2870
2852,2872
2852,2858
2852,2875
2853,2877
2853,2859
2853,2875
2853,2862
2854,2855
2854,2869
2854,2871
2854,2866
2854,2859
2854,2875
2855,2856
2855,2859
2855,2875
2855,2863
2855,2865
2855,2877
2855,2858
2856,2876
2856,2866
2856,2867
2856,2871
2856,2861
2857,2858
2857,2877
2857,2880
2857,2871
2858,2870
2858,2869
2858,2868
2858,2874
2859,2876
2859,2870
2859,2860
2859,2868
2859,2867
2860,2863
2860,2862
2860,2861
2861,2880
2861,2873
2861,2870
2862,2877
2863,2872
2863,2873
2863,2879
2864,2876
2864,2866
2864,2879
2865,2877
2865,2871
2866,2875
2866,2878
2866,2874
2867,2880
2867,2871
2867,2874
2869,2877
2869,2875
2870,2878
2870,2872
2871,2876
2871,2878
2871,2873
2872,2875
2872,2876
2872,2877
2875,2880
2876,2880
2878,2879
2879,2880
2881,2882
2881,2883
2881,2886
2881,2887
2881,2891
2881,2890
2881,2900
2881,2905
2881,2903
2881,2912
2881,2899
2882,2883
2882,2900
2882,2894
2882,2907
2882,2905
2883,2890
2883,2910
2883,2899
2883,2898
2883,2894
2884,2886
2884,2885
2884,2901
2884,2893
2884,2902
2885,2895
2885,2899
2885,2896
2885,2892
2885,2897
2885,2903
2885,2910
2886,2888
2886,2895
2886,2912
2886,2909
2886,2900
2886,2893
2886,2910
2887,2903
2887,2902
2887,2895
2887,2890
2888,2909
2888,2908
2888,2900
2888,2895
2888,2905
2888,2901
2889,2907
2889,2891
2889,2894
2889,2896
2889,2900
2889,2893
2890,2907
2890,2901
2890,2902
2890,2904
2890,2899
2890,2900
2891,2892
2891,2908
2891,2906
2891,2905
2892,2900
2892,2902
2892,2896
2893,2912
2893,2904
2893,2898
2894,2903
2894,2906
2894,2912
2894,2904
2895,2898
2895,2901
2895,2904
2896,2908
2896,2898
2897,2908
2897,2898
2898,2906
2898,2902
2900,2911
2901,2905
2901,2908
2901,2910
2902,2905
2902,2909
2904,2910
2905,2912
2905,2911
2906,2907
2906,2909
2908,2912
2909,2912
2910,2911
2910,2912
2913,2914
2913,2915
2913,2929
2913,2933
2913,2934
2913,2936
2913,2940
2913,2927
2913,2941
2913,2938
2913,2924
2913,2928
2913,2925
2913,2921
2914,2915
2914,2920
2914,2917
2914,2919
2914,2934
2914,2924
2914,2930
2914,2936
2914,2923
2914,2921
2914,2928
2914,2927
2914,2932
2914,2925
2914,2940
2914,2933
2915,2918
2915,2932
2915,2933
2915,2926
2915,2934
2915,2931
2915,2942
2915,2924
2915,2938
2915,2941
2915,2923
2915,2937
2916,2920
2916,2918
2916,2938
2916,2925
2916,2944
2916,2933
2916,2928
2916,2927
2916,2934
2916,2924
2917,2918
2917,2926
2917,2939
2917,2935
2917,2931
2917,2922
2917,2929
2917,2934
2917,2933
2918,2943
2918,2933
2918,2940
2918,2929
2918,2935
2918,2925
2918,2923
2918,2930
2918,2924
2918,2921
2919,2919
2919,2938
2919,2924
2919,2932
2919,2941
2919,2935
2919,2944
2919,2934
2919,2931
2919,2933
2919,2939
2919,2921
2919,2926
2920,2938
2920,2942
2920,2937
2920,2924
2920,2941
2920,2923
2921,2934
2921,2928
2921,2932
2921,2924
2921,2927
2921,2940
2922,2939
2922,2942
2922,2935
2922,2932
2923,2937
2923,2932
2923,2943
2923,2928
2924,2937
2924,2929
2924,2939
2924,2935
2925,2931
2925,2941
2925,2936
2925,2944
2925,2929
2925,2937
2926,2929
2926,2931
2926,2939
2926,2937
2927,2929
2927,2944
2927,2937
2927,2935
2928,2936
2928,2929
2928,2935
2928,2944
2929,2940
2929,2934
2929,2930
2929,2938
2929,2942
2930,2937
2930,2931
2930,2943
2930,2941
2930,2939
2931,2938
2931,2933
2931,2934
2931,2932
2932,2941
2932,2944
2932,2936
2933,2937
2933,2944
2933,2935
2934,2939
2934,2944
2935,2940
2935,2938
2935,2941
2936,2940
2936,2939
2936,2942
2937,2942
2937,2938
2937,2940
2938,2939
2938,2944
2938,2943
2940,2943
2941,2942
2942,2944
2945,2946
2945,2947
2945,2964
2945,2965
2945,2975
2945,2959
2945,2957
2945,2971
2946,2947
2946,2948
2946,2951
2946,2949
2946,2964
2946,2959
2946,2973
2946,2954
2946,2965
2946,2953
2946,2971
2946,2963
2947,2959
2947,2968
2947,2972
2947,2961
2947,2970
2947,2967
2947,2960
2947,2975
2947,2956
2947,2974
2947,2966
2947,2953
2947,2971
2948,2950
2948,2952
2948,2959
2948,2965
2948,2953
2948,2975
2948,2970
2948,2966
2948,2961
2948,2963
2948,2974
2948,2973
2948,2976
2948,2955
2949,2952
2949,2950
2949,2976
2949,2970
2949,2962
2949,2965
2949,2968
2949,2954
2949,2964
2950,2968
2950,2970
2950,2963
2950,2964
2950,2967
2950,2957
2950,2966
2950,2971
2950,2976
2950,2961
2950,2960
2950,2962
2951,2960
2951,2966
2951,2974
2951,2967
2951,2954
2951,2976
2952,2975
2952,2969
2952,2967
2952,2970
2952,2962
2952,2960
2952,2976
2952,2955
2952,2954
2952,2957
2953,2974
2953,2968
2953,2965
2953,2954
2953,2972
2953,2959
2954,2961
2954,2970
2954,2976
2954,2960
2954,2969
2955,2975
2955,2965
2955,2959
2955,2960
2955,2958
2956,2960
2956,2958
2956,2969
2957,2961
2957,2971
2957,2959
2957,2976
2958,2970
2958,2973
2958,2964
2959,2959
2959,2970
2959,2962
2959,2973
2959,2963
2959,2964
2960,2966
2960,2971
2960,2973
2960,2962
2961,2973
2961,2965
2961,2972
2962,2968
2962,2976
2962,2967
2962,2965
2963,2967
2963,2965
2963,2966
2963,2976
2964,2969
2964,2971
2964,2975
2964,2968
2965,2970
2965,2969
2966,2975
2966,2970
2966,2968
2966,2972
2967,2972
2967,2973
2967,2970
2967,2969
2967,2975
2969,2974
2970,2971
2971,2972
2973,2976
2974,2975
2977,2978
2977,2979
2977,2982
2977,3002
2977,2988
2977,3007
2977,2994
2977,3008
2977,2989
2977,2996
2977,3001
2978,2979
2978,2981
2978,2984
2978,3002
2978,2998
2978,2995
2978,2994
2978,2999
2978,3008
2978,2986
2978,2992
2978,3000
2978,2996
2978,3003
2979,2983
2979,2999
2979,2995
2979,2988
2979,2997
2979,2985
2979,2989
2979,2990
2979,3006
2979,3004
2979,2994
2979,2998
2980,2982
2980,2984
2980,2986
2980,3004
2980,3001
2980,2996
2980,2992
2980,3000
2980,2990
2980,3003
2981,2998
2981,3003
2981,2997
2981,2990
2981,2991
2981,3005
2981,2995
2981,2988
2981,2996
2981,2987
2981,3000
2981,3007
2982,2983
2982,3007
2982,2998
2982,3001
2982,2994
2982,2990
2982,2989
2983,2984
2983,2991
2983,2993
2983,2989
2983,3003
2983,3002
2983,2986
2983,2990
2984,2991
2984,3001
2984,2986
2984,2993
2984,2990
2984,2998
2984,2994
2984,3006
2984,3002
2984,2987
2985,2991
2985,3001
2985,2995
2986,2991
2986,3002
2986,3004
2986,3003
2986,2989
2986,2998
2987,2993
2987,2989
2987,2994
2988,2998
2988,2992
2988,2994
2988,3006
2988,3005
2989,3005
2989,3008
2989,3001
2989,2996
2990,2999
2990,2998
2990,3005
2990,2992
2991,2999
2991,3005
2991,2994
2991,2996
2992,2995
2992,2996
2992,2993
2993,2997
2993,3005
2993,3001
2994,3007
2994,2997
2995,3002
2995,2998
2996,3003
2996,2997
2997,2998
2997,3002
2997,3008
2998,3001
2998,3000
2999,3002
2999,3000
2999,3008
2999,3001
3000,3007
3000,3006
3000,3003
3000,3004
3001,3004
3002,3007
3002,3005
3004,3008
3004,3005
3006,3008
3009,3010
3009,3011
3009,3016
3009,3012
3009,3020
3009,3032
3009,3018
3009,3025
3009,3017
3009,3030
3009,3021
3009,3039
3009,3019
3009,3027
3009,3034
3009,3037
3010,3011
3010,3015
3010,3031
3010,3019
3010,3037
3010,3028
3010,3034
3010,3033
3010,3036
3010,3040
3010,3039
3011,3013
3011,3028
3011,3020
3011,3022
3011,3040
3011,3018
3011,3024
3012,3031
3012,3034
3012,3018
3012,3036
3012,3019
3012,3020
3012,3037
3012,3039
3012,3024
3012,3025
3012,3026
3013,3037
3013,3036
3013,3020
3013,3025
3013,3032
3013,3026
3013,3017
3013,3038
3013,3019
3014,3029
3014,3032
3014,3030
3014,3021
3014,3023
3014,3031
3014,3027
3014,3028
3014,3018
3014,3022
3015,3040
3015,3022
3015,3020
3015,3038
3015,3024
3015,3037
3015,3021
3015,3027
3015,3026
3015,3031
3016,3024
3016,3026
3016,3028
3016,3022
3016,3039
3016,3033
3017,3027
3017,3028
3017,3037
3017,3032
3017,3026
3018,3021
3018,3019
3018,3028
3018,3024
3018,3039
3018,3031
3018,3040
3019,3030
3019,3027
3019,3029
3019,3034
3019,3035
3020,3033
3020,3026
3020,3039
3020,3040
3021,3023
3021,3030
3021,3037
3021,3036
3021,3022
3021,3029
3022,3039
3022,3028
3022,3026
3022,3033
3022,3040
3023,3026
3023,3025
3023,3032
3023,3039
3023,3028
3024,3033
3024,3038
3024,3026
3024,3025
3025,3027
3025,3035
3025,3030
3025,3034
3026,3036
3027,3039
3027,3031
3027,3040
3028,3036
3028,3034
3029,3032
3029,3039
3030,3040
3030,3039
3030,3038
3030,3031
3031,3033
3031,3035
3031,3032
3031,3034
3032,3038
3032,3036
3033,3037
3033,3036
3034,3038
3034,3039
3034,3037
3035,3037
3035,3036
3036,3039
3036,3040
3037,3040
3041,3042
3041,3043
3041,3046
3041,3060
3041,3070
3041,3049
3041,3068
3041,3055
3041,3064
3041,3069
3041,3053
3041,3067
3041,3059
3041,3065
3041,3057
3041,3056
3041,3063
3041,3061
3042,3043
3042,3048
3042,3063
3042,3065
3042,3053
3042,3056
3042,3052
3042,3062
3042,3061
3042,3070
3042,3054
3042,3060
3042,3064
3042,3051
3043,3045
3043,3069
3043,3052
3043,3060
3043,3066
3043,3056
3043,3055
3043,3063
3043,3070
3044,3046
3044,3062
3044,3070
3044,3051
3044,3071
3044,3059
3044,3049
3044,3055
3044,3067
3044,3057
3044,3072
3045,3046
3045,3048
3045,3060
3045,3050
3045,3068
3045,3070
3045,3054
3045,3058
3045,3063
3045,3062
3046,3047
3046,3062
3046,3057
3046,3064
3046,3052
3046,3059
3046,3056
3046,3066
3046,3060
3047,3048
3047,3053
3047,3050
3047,3065
3047,3070
3047,3055
3047,3064
3047,3072
3047,3057
3047,3059
3047,3058
3047,3063
3048,3053
3048,3067
3048,3057
3048,3052
3048,3070
3048,3059
3048,3066
3048,3050
3048,3049
3048,3062
3048,3072
3048,3071
3049,3059
3049,3065
3049,3062
3049,3056
3050,3057
3050,3053
3050,3059
3050,3051
3050,3066
3050,3070
3051,3056
3051,3055
3051,3065
3051,3071
3051,3058
3052,3060
3052,3070
3052,3059
3052,3058
3052,3057
3053,3055
3053,3062
3053,3071
3053,3063
3054,3067
3054,3069
3054,3071
3054,3064
3054,3068
3054,3055
3055,3059
3055,3061
3055,3066
3055,3070
3055,3057
3056,3064
3056,3070
3057,3063
3057,3069
3057,3067
3057,3071
3058,3067
3058,3069
3058,3063
3058,3061
3059,3069
3059,3072
3059,3068
3060,3068
3060,3069
3061,3071
3061,3064
3061,3072
3062,3068
3062,3072
3062,3064
3062,3067
3063,3066
3063,3068
3063,3070
3064,3065
3065,3069
3065,3067
3065,3072
3066,3069
3066,3072
3066,3067
3067,3070
3069,3070
3070,3072
3072,3072
3073,3074
3073,3075
3073,3076
3073,3080
3073,3103
3073,3086
3073,3095
3073,3082
3073,3102
3073,3093
3073,3100
3073,3096
3073,3099
3074,3075
3074,3077
3074,3083
3074,3084
3074,3096
3074,3091
3074,3097
3074,3094
3074,3088
3075,3079
3075,3078
3075,3103
3075,3090
3075,3093
3075,3095
3075,3098
3075,3088
3075,3100
3075,3083
3075,3094
3075,3081
3075,3097
3075,3084
3076,3087
3076,3089
3076,3090
3076,3097
3076,3082
3076,3100
3076,3088
3076,3095
3076,3084
3076,3086
3076,3085
3077,3079
3077,3095
3077,3084
3077,3085
3077,3091
3077,3100
3077,3102
3077,3096
3077,3090
3077,3098
3078,3080
3078,3095
3078,3084
3078,3093
3078,3096
3078,3087
3078,3100
3078,3081
3078,3090
3078,3098
3078,3103
3079,3098
3079,3090
3079,3103
3079,3104
3079,3099
3079,3092
3079,3088
3079,3096
3079,3095
3079,3101
3080,3091
3080,3095
3080,3086
3080,3094
3080,3101
3080,3099
3080,3103
3080,3085
3081,3093
3081,3096
3081,3090
3081,3097
3082,3089
3082,3096
3082,3101
3082,3088
3082,3092
3082,3100
3083,3083
3083,3084
3083,3085
3083,3101
3083,3091
3083,3102
3083,3093
3083,3090
3084,3089
3084,3100
3084,3098
3084,3086
3085,3094
3085,3096
3085,3104
3086,3097
3086,3099
3086,3102
3087,3091
3087,3096
3087,3100
3087,3097
3087,3101
3088,3098
3088,3103
3088,3095
3089,3093
3089,3104
3089,3095
3089,3103
3090,3100
3090,3095
3090,3092
3090,3103
3091,3103
3091,3099
3092,3093
3092,3104
3092,3097
3092,3094
3093,3099
3093,3100
3093,3098
3094,3103
3094,3100
3094,3102
3094,3098
3094,3099
3095,3096
3095,3101
3096,3102
3096,3099
3097,3103
3097,3098
3098,3101
3099,3104
3101,3104
3105,3106
3105,3107
3105,3119
3105,3115
3105,3135
3105,3121
3105,3133
3105,3136
3105,3130
3105,3123
3105,3128
3105,3125
3105,3117
3105,3131
3105,3127
3106,3107
3106,3110
3106,3111
3106,3131
3106,3132
3106,3114
3106,3116
3106,3130
3106,3123
3107,3109
3107,3134
3107,3114
3107,3124
3107,3133
3107,3120
3107,3136
3107,3129
3107,3118
3107,3119
3107,3115
3107,3127
3107,3121
3108,3111
3108,3123
3108,3126
3108,3133
3108,3131
3108,3114
3108,3132
3108,3130
3108,3136
3108,3122
3108,3129
3108,3119
3109,3109
3109,3110
3109,3111
3109,3129
3109,3135
3109,3133
3109,3115
3109,3118
3109,3130
3109,3125
3109,3136
3109,3117
3109,3114
3110,3124
3110,3120
3110,3133
3110,3121
3110,3119
3110,3122
3111,3112
3111,3136
3111,3119
3111,3120
3111,3121
3111,3133
3111,3125
3111,3124
3111,3132
3112,3128
3112,3133
3112,3135
3112,3132
3112,3119
3112,3131
3112,3123
3112,3120
3113,3134
3113,3122
3113,3129
3113,3126
3114,3123
3114,3121
3114,3135
3114,3118
3114,3116
3114,3126
3115,3127
3115,3123
3115,3134
3115,3120
3115,3121
3115,3118
3116,3122
3116,3127
3116,3130
3116,3129
3116,3119
3117,3134
3117,3133
3117,3122
3117,3130
3117,3125
3118,3122
3118,3125
3118,3133
3118,3124
3119,3133
3119,3123
3119,3136
3119,3125
3120,3129
3120,3131
3120,3125
3120,3126
3121,3125
3121,3124
3121,3133
3122,3131
3122,3123
3123,3129
3123,3124
3124,3134
3124,3130
3124,3127
3125,3128
3125,3127
3127,3132
3127,3136
3128,3135
3128,3132
3128,3129
3128,3136
3129,3133
3130,3136
3130,3132
3131,3132
3131,3136
3131,3135
3134,3135
3137,3138
3137,3139
3137,3143
3137,3159
3137,3150
3137,3148
3137,3163
3137,3168
3137,3166
3137,3155
3137,3153
3137,3167
3137,3147
3138,3139
3138,3140
3138,3164
3138,3163
3138,3160
3138,3153
3138,3150
3138,3154
3138,3166
3138,3146
3138,3155
3138,3162
3138,3165
3138,3156
3138,3157
3139,3141
3139,3155
3139,3164
3139,3167
3139,3149
3139,3151
3140,3141
3140,3142
3140,3159
3140,3150
3140,3155
3140,3149
3140,3165
3140,3148
3140,3154
3140,3160
3140,3162
3140,3145
3140,3168
3140,3161
3141,3143
3141,3144
3141,3156
3141,3166
3141,3147
3141,3158
3141,3163
3141,3160
3141,3161
3141,3155
3141,3145
3141,3159
3141,3168
3142,3144
3142,3143
3142,3145
3142,3150
3142,3165
3142,3149
3142,3158
3142,3163
3142,3157
3142,3148
3142,3160
3143,3163
3143,3148
3143,3155
3143,3164
3143,3146
3143,3149
3143,3158
3143,3157
3144,3149
3144,3166
3144,3150
3144,3164
3144,3162
3144,3156
3145,3150
3145,3167
3145,3147
3145,3151
3145,3148
3145,3165
3146,3168
3146,3164
3146,3147
3146,3152
3147,3162
3147,3155
3147,3158
3147,3166
3148,3161
3148,3163
3148,3164
3148,3149
3149,3165
3149,3158
3149,3162
3150,3152
3150,3164
3150,3163
3151,3155
3151,3152
3151,3168
3151,3164
3152,3159
3152,3157
3152,3161
3152,3165
3153,3163
3153,3160
3153,3165
3153,3154
3153,3168
3154,3161
3154,3158
3154,3157
3154,3166
3154,3162
3154,3155
3155,3163
3156,3165
3156,3162
3156,3168
3156,3160
3156,3158
3157,3160
3158,3164
3158,3167
3158,3159
3159,3163
3160,3161
3160,3164
3160,3167
3162,3163
3162,3167
3163,3166
3164,3165
3167,3168
3169,3170
3169,3171
3169,3173
3169,3172
3169,3181
3169,3178
3170,3171
3170,3175
3170,3183
3170,3185
3171,3174
3171,3179
3172,3174
3173,3181
3173,3179
3174,3177
3174,3179
3174,3184
3174,3183
3174,3185
3175,3176
3175,3178
3175,3180
3176,3186
3176,3182
3176,3185
3178,3180
3179,3181
3180,3181
3181,3182
3182,3186
3182,3183
3184,3186
3187,3188
3187,3189
3187,3192
3187,3191
3187,3202
3187,3203
3187,3200
3188,3189
3188,3190
3188,3197
3188,3202
3188,3199
3189,3195
3189,3193
3189,3197
3189,3199
3190,3202
3190,3196
3191,3194
3191,3201
3191,3202
3191,3197
3192,3196
3193,3202
3193,3196
3193,3199
3195,3196
3196,3196
3196,3198
3197,3199
3197,3203
3197,3204
3198,3200
3198,3204
3199,3200
3201,3203
3205,3206
3205,3207
3205,3219
3205,3214
3205,3216
3206,3207
3206,3209
3206,3212
3206,3218
3207,3213
3207,3211
3207,3222
3207,3215
3208,3211
3208,3212
3208,3220
3209,3221
3209,3215
3210,3211
3211,3222
3211,3214
3212,3216
3212,3218
3213,3216
3213,3220
3213,3214
3213,3217
3214,3216
3215,3221
3217,3222
3217,3221
3218,3220
3219,3220
3219,3222
3223,3224
3223,3225
3223,3226
3223,3235
3224,3225
3224,3229
3224,3233
3225,3230
3225,3235
3225,3232
3226,3228
3226,3234
3226,3233
3226,3232
3227,3228
3227,3239
3227,3235
3228,3234
3229,3230
3229,3234
3229,3239
3230,3238
3230,3232
3230,3239
3230,3240
3231,3237
3231,3234
3232,3235
3233,3238
3234,3236
3236,3239
3236,3240
3236,3238
3237,3240
3241,3242
3241,3243
3241,3258
3241,3257
3242,3243
3242,3244
3242,3247
3242,3251
3242,3257
3242,3258
3242,3250
3243,3258
3244,3249
3244,3248
3244,3252
3245,3247
3245,3249
3245,3255
3246,3253
3246,3254
3247,3257
3247,3255
3248,3256
3250,3255
3250,3254
3251,3253
3251,3254
3252,3254
3252,3258
3253,3258
3254,3254
3254,3256
3259,3260
3259,3261
3259,3266
3259,3267
3259,3270
3259,3276
3259,3272
3260,3261
3260,3264
3260,3271
3260,3268
3261,3263
3261,3269
3261,3276
3262,3267
3262,3266
3262,3275
3262,3272
3262,3273
3263,3266
3263,3276
3263,3275
3264,3267
3264,3269
3264,3276
3265,3267
3265,3273
3266,3270
3267,3276
3268,3270
3269,3272
3269,3271
3272,3273
3275,3275
3275,3276
3277,3278
3277,3279
3277,3285
3277,3289
3277,3293
3278,3279
3278,3284
3278,3293
3278,3291
3278,3290
3278,3292
3280,3280
3280,3285
3281,3281
3281,3285
3281,3282
3282,3282
3282,3291
3282,3288
3283,3286
3284,3293
3284,3294
3284,3290
3284,3291
3284,3287
3284,3288
3285,3294
3285,3286
3286,3287
3287,3289
3287,3293
3287,3288
3287,3291
3289,3294
3290,3294
3291,3294
3292,3293
3295,3296
3295,3297
3295,3300
3295,3308
3295,3311
3295,3310
3295,3306
3296,3297
3296,3306
3296,3308
3296,3312
3296,3305
3297,3299
3297,3298
3297,3306
3297,3311
3298,3302
3299,3303
3299,3312
3299,3306
3300,3301
3300,3308
3300,3304
3301,3306
3301,3304
3302,3312
3302,3311
3302,3306
3303,3303
3304,3305
3306,3308
3306,3312
3307,3308
3308,3311
3308,3309
3310,3312
3311,3312
3313,3314
3313,3315
3313,3317
3313,3321
3313,3316
3313,3322
3313,3329
3313,3328
3313,3325
3313,3330
3313,3324
3314,3315
3314,3325
3314,3326
3315,3319
3315,3320
3316,3323
3316,3327
3316,3329
3317,3320
3317,3330
3317,3328
3317,3329
3317,3326
3317,3324
3318,3320
3318,3321
3318,3322
3318,3329
3318,3324
3318,3330
3318,3327
3319,3321
3319,3329
3319,3327
3320,3324
3320,3329
3321,3326
3321,3330
3321,3324
3321,3327
3321,3328
3321,3329
3321,3322
3322,3323
3322,3329
3322,3327
3322,3328
3323,3330
3324,3330
3325,3327
3325,3329
3325,3330
3326,3327
3326,3329
3326,3330
3326,3328
3331,3332
3331,3333
3331,3339
3331,3335
3331,3336
3331,3341
3331,3348
3332,3333
3332,3338
3332,3343
3332,3340
3332,3341
3333,3337
3333,3343
3333,3345
3334,3337
3334,3336
3334,3345
3334,3341
3334,3347
3334,3348
3334,3342
3335,3337
3335,3340
3335,3348
3335,3345
3335,3347
3336,3348
3336,3347
3336,3345
3336,3341
3336,3342
3337,3339
3337,3348
3337,3341
3337,3344
3338,3343
3338,3341
3338,3344
3339,3340
3340,3343
3340,3341
3340,3346
3341,3342
3341,3344
3341,3347
3343,3345
3344,3346
3346,3348
3346,3347
3347,3347
3349,3350
3349,3351
3349,3353
3349,3354
3349,3358
3349,3365
3349,3363
3350,3351
3350,3357
3350,3361
3350,3366
3350,3363
3350,3358
3351,3352
3351,3362
3351,3359
3351,3366
3351,3360
3352,3355
3352,3354
3352,3353
3352,3359
3352,3365
3353,3357
3353,3363
3353,3360
3354,3356
3354,3360
3354,3363
3354,3361
3354,3364
3354,3365
3354,3362
3355,3356
3355,3362
3355,3360
3355,3361
3355,3359
3355,3363
3356,3357
3356,3358
3356,3362
3356,3364
3356,3365
3356,3363
3357,3366
3357,3363
3358,3365
3359,3360
3359,3364
3359,3365
3360,3366
3360,3361
3360,3363
3361,3365
3361,3364
3362,3365
3362,3366
3363,3364
3363,3365
3366,3366
3367,3368
3367,3369
3367,3371
3367,3373
3367,3384
3368,3369
3368,3375
3368,3372
3368,3370
3368,3377
3368,3383
3368,3379
3368,3382
3368,3380
3369,3380
3369,3377
3369,3379
3370,3373
3370,3377
3370,3383
3370,3376
3370,3384
3370,3380
3371,3374
3371,3384
3371,3383
3371,3381
3371,3380
3372,3372
3372,3382
3372,3377
3373,3375
3373,3376
3373,3383
3373,3382
3373,3379
3373,3377
3374,3375
3374,3381
3374,3384
3374,3376
3374,3379
3375,3383
3375,3382
3375,3381
3375,3378
3375,3377
3375,3376
3376,3380
3377,3378
3377,3379
3377,3383
3378,3380
3378,3382
3379,3384
3379,3381
3380,3384
3380,3381
3385,3386
3385,3387
3385,3400
3385,3398
3385,3396
3385,3401
3385,3399
3385,3402
3386,3387
3386,3390
3386,3394
3386,3395
3386,3399
3387,3388
3387,3392
3387,3391
3387,3389
3387,3399
3387,3400
3387,3401
3388,3390
3388,3399
3388,3401
3388,3397
3388,3395
3389,3390
3389,3398
3389,3399
3389,3402
3390,3398
3390,3394
3390,3395
3390,3401
3391,3393
3391,3399
3391,3400
3391,3401
3391,3397
3391,3394
3392,3395
3392,3399
3392,3401
3393,3401
3393,3400
3393,3396
3393,3399
3394,3395
3394,3396
3394,3399
3394,3400
3395,3398
3396,3397
3396,3398
3396,3402
3398,3399
3399,3401
3399,3402
3400,3401
3400,3402
3403,3404
3403,3405
3403,3407
3403,3406
3403,3417
3403,3413
3403,3414
3403,3419
3403,3420
3403,3418
3404,3405
3404,3411
3404,3412
3404,3419
3404,3418
3404,3413
3405,3410
3405,3408
3405,3412
3405,3418
3405,3414
3405,3420
3406,3408
3406,3410
3406,3413
3406,3415
3406,3420
3406,3418
3407,3409
3407,3412
3407,3413
3408,3409
3408,3413
3408,3416
3408,3412
3408,3420
3409,3410
3409,3413
3409,3420
3410,3411
3410,3420
3410,3418
3411,3415
3411,3418
3411,3412
3411,3417
3412,3414
3412,3419
3412,3413
3413,3418
3414,3420
3415,3420
3416,3418
3417,3418
3418,3419
3421,3422
3421,3423
3421,3437
3421,3438
3421,3433
3421,3436
3422,3423
3422,3424
3422,3426
3422,3438
3422,3434
3423,3428
3423,3427
3423,3438
3423,3433
3423,3431
3423,3435
3423,3434
3423,3432
3424,3429
3424,3432
3424,3436
3425,3429
3425,3426
3425,3436
3425,3434
3425,3430
3425,3437
3426,3427
3426,3433
3426,3432
3426,3436
3426,3434
3427,3435
3427,3433
3427,3438
3428,3429
3428,3432
3428,3437
3429,3436
3429,3432
3429,3438
3429,3437
3429,3433
3430,3438
3430,3432
3431,3434
3432,3435
3432,3436
3433,3434
3433,3436
3434,3438
3434,3437
3435,3438
3435,3437
3436,3436
3439,3440
3439,3441
3439,3444
3439,3442
3439,3453
3439,3455
3439,3451
3439,3450
3439,3452
3439,3449
3440,3441
3440,3447
3440,3445
3440,3450
3441,3446
3441,3454
3441,3452
3441,3449
3441,3455
3442,3446
3442,3443
3442,3445
3442,3449
3442,3454
3442,3456
3443,3447
3443,3444
3443,3451
3443,3450
3443,3448
3443,3452
3443,3449
3444,3445
3444,3455
3444,3456
3445,3448
3445,3456
3445,3451
3445,3455
3446,3447
3446,3449
3446,3453
3446,3451
3446,3452
3447,3451
3447,3454
3447,3453
3447,3456
3448,3452
3448,3451
3449,3455
3449,3454
3449,3456
3450,3450
3450,3454
3451,3453
3452,3453
3452,3455
3452,3456
3453,3454
